-0.091
-0.078
-0.026
-0.02
-0.038
-0.001
0.018
0.047
0.072
0.086
0.101
0.113
0.137
0.158
0.168
0.178
0.197
0.229
0.257
0.276
0.3
0.329
0.368
0.387
0.426
0.465
0.504
0.543
0.582
0.582
0.582
0.639
0.69
0.69
0.8
0.831
0.85
0.88
0.888
0.926
0.943
0.973
1.002
1.005
1.024
1.064
1.099
1.123
1.163
1.179
1.182
1.187
1.176
1.203
1.189
1.184
1.184
1.187
1.21
1.191
1.146
1.152
1.148
1.112
1.094
1.053
1.022
0.995
0.965
0.963
0.942
0.903
0.861
0.825
0.783
0.746
0.688
0.659
0.59
0.546
0.514
0.455
0.415
0.391
0.33
0.3
0.237
0.168
0.118
0.074
0.009
-0.059
-0.126
-0.169
-0.23
-0.268
-0.336
-0.38
-0.421
-0.449
-0.503
-0.571
-0.607
-0.679
-0.722
-0.764
-0.804
-0.797
-0.866
-0.897
-0.921
-0.958
-1.002
-1.034
-1.053
-1.089
-1.116
-1.146
-1.154
-1.163
-1.168
-1.188
-1.198
-1.181
-1.16
-1.181
-1.201
-1.19
-1.181
-1.164
-1.143
-1.139
-1.121
-1.12
-1.103
-1.067
-1.033
-1.022
-0.99
-0.955
-0.947
-0.9
-0.885
-0.847
-0.788
-0.744
-0.72
-0.655
-0.613
-0.55
-0.495
-0.444
-0.4
-0.375
-0.368
-0.309
-0.255
-0.186
-0.14
-0.11
-0.057
-0.022
0.036
0.089
0.14
0.186
0.222
0.243
0.284
0.329
0.359
0.386
0.449
0.505
0.547
0.549
0.559
0.598
0.617
0.654
0.669
0.675
0.696
0.697
0.718
0.751
0.745
0.763
0.751
0.769
0.76
0.736
0.745
0.742
0.725
0.713
0.683
0.683
0.677
0.667
0.639
0.598
0.58
0.571
0.566
0.537
0.488
0.44
0.417
0.402
0.377
0.334
0.304
0.273
0.272
0.218
0.182
0.141
0.109
0.085
0.031
0.004
-0.051
-0.057
-0.089
-0.113
-0.139
-0.167
-0.205
-0.231
-0.247
-0.279
-0.287
-0.315
-0.332
-0.343
-0.38
-0.382
-0.394
-0.398
-0.394
-0.418
-0.416
-0.432
-0.438
-0.439
-0.445
-0.447
-0.418
-0.42
-0.422
-0.393
-0.368
-0.344
-0.325
-0.294
-0.301
-0.284
-0.286
-0.239
-0.222
-0.189
-0.158
-0.131
-0.085
-0.016
0.003
0.05
0.068
0.113
0.131
0.174
0.198
0.249
0.287
0.312
0.373
0.443
0.486
0.516
0.554
0.575
0.61
0.628
0.64
0.712
0.748
0.781
0.814
0.844
0.879
0.91
0.928
0.958
0.99
0.964
0.994
1.014
1.034
1.044
1.066
1.064
1.084
1.086
1.062
1.068
1.073
1.076
1.06
1.035
1.015
0.99
0.975
0.946
0.947
0.93
0.907
0.879
0.838
0.824
0.807
0.76
0.7
0.656
0.597
0.537
0.522
0.49
0.451
0.404
0.383
0.339
0.29
0.22
0.15
0.107
0.042
-0.005
-0.038
-0.066
-0.135
-0.197
-0.234
-0.272
-0.326
-0.374
-0.428
-0.489
-0.533
-0.584
-0.628
-0.672
-0.7
-0.729
-0.756
-0.787
-0.849
-0.86
-0.896
-0.912
-0.962
-1.006
-1.024
-1.033
-1.07
-1.07
-1.086
-1.081
-1.094
-1.086
-1.072
-1.087
-1.096
-1.116
-1.116
-1.076
-1.072
-1.046
-1.035
-1.024
-0.995
-0.957
-0.94
-0.926
-0.913
-0.883
-0.86
-0.827
-0.803
-0.787
-0.729
-0.67
-0.628
-0.556
-0.503
-0.495
-0.463
-0.395
-0.345
-0.303
-0.256
-0.223
-0.175
-0.117
-0.09
-0.013
0.019
0.065
0.136
0.166
0.217
0.241
0.256
0.324
0.39
0.427
0.454
0.48
0.508
0.559
0.596
0.624
0.643
0.65
0.688
0.71
0.754
0.746
0.754
0.762
0.77
0.801
0.839
0.823
0.811
0.806
0.833
0.849
0.801
0.788
0.799
0.794
0.724
0.716
0.722
0.72
0.696
0.684
0.67
0.644
0.601
0.572
0.562
0.491
0.476
0.446
0.443
0.402
0.324
0.327
0.291
0.248
0.208
0.145
0.095
0.076
0.061
0.014
0
-0.03
-0.085
-0.122
-0.133
-0.185
-0.19
-0.235
-0.307
-0.307
-0.333
-0.35
-0.381
-0.397
-0.41
-0.428
-0.485
-0.498
-0.513
-0.506
-0.498
-0.526
-0.54
-0.532
-0.562
-0.543
-0.528
-0.542
-0.568
-0.562
-0.538
-0.491
-0.485
-0.489
-0.479
-0.44
-0.404
-0.378
-0.365
-0.335
-0.318
-0.318
-0.255
-0.225
-0.198
-0.151
-0.135
-0.101
-0.056
-0.049
-0.017
0.022
0.075
0.125
0.143
0.208
0.244
0.314
0.35
0.382
0.412
0.432
0.446
0.488
0.528
0.57
0.576
0.622
0.678
0.72
0.754
0.752
0.76
0.804
0.827
0.849
0.869
0.902
0.918
0.95
0.978
0.964
0.94
0.939
0.931
0.926
0.919
0.912
0.918
0.94
0.944
0.91
0.914
0.924
0.891
0.863
0.806
0.789
0.754
0.689
0.708
0.676
0.64
0.613
0.563
0.533
0.506
0.46
0.436
0.395
0.339
0.307
0.278
0.232
0.181
0.127
0.127
0.06
0.019
-0.026
-0.096
-0.13
-0.213
-0.245
-0.284
-0.326
-0.348
-0.368
-0.407
-0.458
-0.504
-0.543
-0.572
-0.599
-0.648
-0.676
-0.716
-0.752
-0.767
-0.787
-0.785
-0.817
-0.81
-0.834
-0.874
-0.874
-0.842
-0.844
-0.89
-0.9
-0.938
-0.886
-0.837
-0.919
-0.919
-0.845
-0.848
-0.841
-0.825
-0.812
-0.788
-0.779
-0.733
-0.667
-0.652
-0.657
-0.63
-0.563
-0.53
-0.487
-0.472
-0.396
-0.4
-0.375
-0.317
-0.278
-0.239
-0.2
-0.139
-0.056
-0.01
0.047
0.077
0.083
0.139
0.196
0.232
0.254
0.313
0.382
0.401
0.43
0.466
0.541
0.565
0.566
0.621
0.672
0.72
0.713
0.728
0.772
0.833
0.813
0.868
0.856
0.897
0.882
0.874
0.906
0.91
0.936
0.93
0.923
0.934
0.894
0.904
0.914
0.864
0.881
0.882
0.864
0.831
0.832
0.807
0.786
0.772
0.718
0.689
0.678
0.633
0.599
0.571
0.54
0.504
0.492
0.442
0.391
0.349
0.304
0.278
0.229
0.208
0.15
0.123
0.064
0.038
0.029
-0.005
-0.076
-0.131
-0.127
-0.184
-0.202
-0.245
-0.312
-0.317
-0.344
-0.348
-0.392
-0.438
-0.474
-0.471
-0.512
-0.528
-0.55
-0.581
-0.602
-0.61
-0.63
-0.618
-0.632
-0.64
-0.616
-0.635
-0.626
-0.637
-0.628
-0.597
-0.602
-0.608
-0.571
-0.602
-0.588
-0.547
-0.528
-0.473
-0.487
-0.492
-0.454
-0.41
-0.369
-0.346
-0.289
-0.291
-0.223
-0.202
-0.169
-0.163
-0.122
-0.086
-0.033
0.007
0.037
0.05
0.087
0.148
0.177
0.21
0.242
0.262
0.318
0.369
0.373
0.403
0.444
0.514
0.523
0.552
0.567
0.581
0.61
0.625
0.624
0.648
0.693
0.678
0.72
0.736
0.754
0.757
0.744
0.764
0.748
0.756
0.74
0.733
0.752
0.712
0.728
0.733
0.718
0.701
0.674
0.656
0.656
0.6
0.559
0.559
0.528
0.518
0.522
0.484
0.447
0.415
0.386
0.351
0.35
0.299
0.264
0.196
0.153
0.131
0.127
0.08
0
-0.008
-0.034
-0.07
-0.119
-0.177
-0.229
-0.204
-0.254
-0.281
-0.326
-0.367
-0.397
-0.411
-0.441
-0.465
-0.505
-0.55
-0.601
-0.592
-0.601
-0.597
-0.624
-0.65
-0.674
-0.708
-0.672
-0.688
-0.709
-0.719
-0.71
-0.718
-0.71
-0.726
-0.714
-0.693
-0.697
-0.67
-0.651
-0.657
-0.624
-0.596
-0.571
-0.563
-0.525
-0.514
-0.467
-0.452
-0.444
-0.394
-0.368
-0.311
-0.29
-0.264
-0.195
-0.185
-0.163
-0.107
-0.064
-0.03
0.015
0.057
0.099
0.14
0.2
0.236
0.264
0.305
0.343
0.351
0.422
0.455
0.486
0.531
0.591
0.619
0.664
0.689
0.702
0.741
0.77
0.784
0.802
0.855
0.83
0.832
0.848
0.883
0.898
0.919
0.93
0.942
0.938
0.934
0.923
0.935
0.931
0.93
0.936
0.904
0.894
0.898
0.882
0.882
0.848
0.809
0.782
0.748
0.748
0.717
0.689
0.677
0.657
0.616
0.596
0.576
0.526
0.498
0.442
0.411
0.378
0.342
0.273
0.264
0.225
0.177
0.14
0.095
0.055
0.018
-0.041
-0.087
-0.106
-0.155
-0.162
-0.222
-0.252
-0.28
-0.299
-0.343
-0.356
-0.411
-0.436
-0.463
-0.5
-0.517
-0.555
-0.589
-0.61
-0.614
-0.63
-0.638
-0.655
-0.69
-0.669
-0.663
-0.689
-0.676
-0.688
-0.677
-0.665
-0.651
-0.664
-0.652
-0.647
-0.649
-0.646
-0.656
-0.63
-0.591
-0.579
-0.52
-0.515
-0.538
-0.505
-0.447
-0.434
-0.406
-0.4
-0.363
-0.301
-0.296
-0.284
-0.233
-0.198
-0.161
-0.13
-0.127
-0.111
-0.062
-0.032
0.004
0.051
0.06
0.1
0.141
0.18
0.204
0.228
0.248
0.258
0.295
0.32
0.332
0.373
0.407
0.42
0.422
0.446
0.462
0.479
0.514
0.514
0.533
0.516
0.542
0.565
0.551
0.554
0.539
0.526
0.541
0.537
0.535
0.514
0.514
0.518
0.532
0.5
0.458
0.435
0.44
0.419
0.405
0.398
0.399
0.353
0.332
0.296
0.277
0.238
0.202
0.162
0.182
0.135
0.115
0.112
0.083
0.055
0
-0.02
-0.014
-0.066
-0.102
-0.122
-0.17
-0.18
-0.202
-0.225
-0.24
-0.278
-0.325
-0.368
-0.352
-0.342
-0.35
-0.39
-0.403
-0.401
-0.435
-0.419
-0.44
-0.462
-0.467
-0.471
-0.466
-0.466
-0.469
-0.466
-0.464
-0.469
-0.46
-0.461
-0.447
-0.448
-0.423
-0.412
-0.38
-0.372
-0.336
-0.328
-0.337
-0.317
-0.267
-0.231
-0.196
-0.188
-0.17
-0.154
-0.086
-0.076
-0.026
-0.002
0.028
0.075
0.111
0.152
0.186
0.22
0.254
0.264
0.296
0.332
0.357
0.386
0.428
0.482
0.531
0.55
0.57
0.62
0.644
0.652
0.674
0.728
0.748
0.766
0.793
0.805
0.853
0.853
0.845
0.878
0.865
0.864
0.882
0.91
0.94
0.927
0.942
0.947
0.942
0.947
0.932
0.902
0.903
0.882
0.864
0.866
0.86
0.832
0.833
0.82
0.794
0.76
0.732
0.712
0.7
0.669
0.637
0.586
0.577
0.571
0.506
0.494
0.451
0.408
0.381
0.347
0.303
0.289
0.216
0.174
0.161
0.135
0.084
0.051
0.023
0.002
-0.06
-0.103
-0.126
-0.18
-0.248
-0.292
-0.304
-0.308
-0.33
-0.375
-0.386
-0.432
-0.454
-0.485
-0.521
-0.555
-0.551
-0.595
-0.608
-0.618
-0.647
-0.62
-0.631
-0.652
-0.664
-0.658
-0.682
-0.72
-0.742
-0.715
-0.697
-0.688
-0.7
-0.688
-0.667
-0.679
-0.7
-0.666
-0.646
-0.641
-0.644
-0.614
-0.593
-0.568
-0.544
-0.522
-0.493
-0.459
-0.451
-0.428
-0.421
-0.391
-0.371
-0.355
-0.323
-0.28
-0.272
-0.232
-0.203
-0.184
-0.171
-0.159
-0.107
-0.083
-0.065
-0.038
-0.016
0.025
0.055
0.063
0.111
0.136
0.155
0.169
0.176
0.184
0.226
0.228
0.249
0.256
0.264
0.289
0.314
0.334
0.317
0.334
0.35
0.346
0.342
0.357
0.366
0.373
0.353
0.377
0.378
0.374
0.329
0.332
0.354
0.327
0.33
0.291
0.266
0.256
0.265
0.241
0.228
0.233
0.197
0.213
0.204
0.158
0.144
0.174
0.148
0.103
0.054
0.03
0.014
0
-0.017
-0.009
-0.045
-0.075
-0.085
-0.1
-0.111
-0.123
-0.15
-0.167
-0.175
-0.189
-0.197
-0.185
-0.21
-0.225
-0.241
-0.233
-0.274
-0.276
-0.288
-0.286
-0.305
-0.287
-0.286
-0.271
-0.252
-0.27
-0.265
-0.269
-0.27
-0.266
-0.24
-0.267
-0.231
-0.222
-0.214
-0.161
-0.145
-0.134
-0.139
-0.105
-0.111
-0.054
-0.03
-0.032
-0.03
0.002
0.018
0.056
0.073
0.103
0.107
0.155
0.164
0.208
0.224
0.281
0.321
0.353
0.389
0.412
0.412
0.45
0.459
0.496
0.494
0.519
0.549
0.553
0.631
0.64
0.652
0.684
0.692
0.713
0.725
0.74
0.761
0.777
0.803
0.815
0.819
0.817
0.848
0.873
0.854
0.827
0.802
0.824
0.85
0.851
0.827
0.822
0.812
0.809
0.813
0.826
0.817
0.788
0.748
0.756
0.744
0.709
0.668
0.661
0.657
0.636
0.584
0.559
0.551
0.512
0.502
0.442
0.381
0.365
0.346
0.326
0.312
0.261
0.225
0.209
0.192
0.123
0.119
0.047
0.002
-0.018
-0.041
-0.09
-0.122
-0.138
-0.171
-0.201
-0.241
-0.27
-0.268
-0.319
-0.385
-0.397
-0.407
-0.435
-0.479
-0.478
-0.503
-0.511
-0.544
-0.584
-0.601
-0.63
-0.635
-0.626
-0.636
-0.651
-0.667
-0.716
-0.722
-0.681
-0.691
-0.701
-0.709
-0.73
-0.717
-0.696
-0.687
-0.687
-0.691
-0.687
-0.69
-0.663
-0.665
-0.648
-0.612
-0.572
-0.547
-0.55
-0.555
-0.555
-0.52
-0.507
-0.507
-0.499
-0.464
-0.434
-0.382
-0.382
-0.326
-0.302
-0.285
-0.282
-0.257
-0.246
-0.216
-0.211
-0.178
-0.106
-0.097
-0.103
-0.074
-0.065
-0.018
-0.018
-0.006
0.012
0.024
0.032
0.083
0.116
0.105
0.147
0.128
0.18
0.192
0.189
0.253
0.228
0.212
0.192
0.212
0.208
0.213
0.197
0.192
0.212
0.218
0.23
0.264
0.284
0.258
0.249
0.229
0.226
0.24
0.198
0.194
0.212
0.18
0.141
0.156
0.204
0.163
0.157
0.139
0.129
0.133
0.121
0.091
0.087
0.095
0.067
0.067
0.062
0.018
0.004
-0.009
-0.006
0.011
-0.034
-0.058
-0.058
-0.062
-0.042
-0.01
-0.05
-0.048
-0.09
-0.079
-0.096
-0.106
-0.099
-0.08
-0.101
-0.138
-0.133
-0.107
-0.062
-0.075
-0.091
-0.107
-0.09
-0.048
-0.073
-0.056
-0.054
-0.066
-0.091
-0.041
-0.025
-0.025
0.007
0.025
0.006
0.075
0.116
0.087
0.128
0.16
0.15
0.189
0.212
0.202
0.222
0.278
0.272
0.312
0.304
0.325
0.355
0.386
0.382
0.43
0.459
0.475
0.499
0.506
0.527
0.537
0.561
0.559
0.574
0.598
0.628
0.636
0.617
0.656
0.701
0.698
0.712
0.696
0.72
0.716
0.745
0.756
0.777
0.826
0.776
0.758
0.765
0.74
0.752
0.761
0.744
0.7
0.732
0.762
0.732
0.716
0.7
0.724
0.708
0.66
0.639
0.621
0.635
0.614
0.598
0.537
0.541
0.524
0.499
0.455
0.427
0.41
0.371
0.377
0.339
0.296
0.254
0.228
0.237
0.206
0.144
0.089
0.083
0.083
0.042
0.007
-0.046
-0.097
-0.115
-0.149
-0.168
-0.216
-0.25
-0.259
-0.273
-0.275
-0.348
-0.353
-0.406
-0.437
-0.446
-0.462
-0.498
-0.522
-0.537
-0.572
-0.597
-0.591
-0.612
-0.62
-0.639
-0.669
-0.658
-0.712
-0.745
-0.718
-0.678
-0.679
-0.718
-0.749
-0.717
-0.721
-0.697
-0.74
-0.717
-0.715
-0.741
-0.742
-0.73
-0.698
-0.718
-0.689
-0.655
-0.629
-0.599
-0.624
-0.639
-0.632
-0.62
-0.587
-0.554
-0.573
-0.533
-0.5
-0.481
-0.453
-0.446
-0.414
-0.412
-0.39
-0.37
-0.345
-0.31
-0.281
-0.278
-0.252
-0.228
-0.215
-0.19
-0.165
-0.177
-0.165
-0.123
-0.119
-0.107
-0.093
-0.053
-0.002
0.003
0.014
0.022
0.04
0.065
0.091
0.071
0.083
0.097
0.095
0.107
0.107
0.141
0.129
0.164
0.164
0.164
0.169
0.165
0.163
0.147
0.143
0.149
0.143
0.159
0.161
0.139
0.16
0.17
0.166
0.141
0.16
0.14
0.119
0.105
0.108
0.111
0.119
0.121
0.1
0.125
0.112
0.096
0.073
0.061
0.05
0.045
0.03
0.024
0.015
0.007
-0.013
-0.006
0.002
0.027
-0.028
-0.044
-0.049
-0.012
-0.01
-0.041
-0.046
-0.036
-0.016
-0.02
0.004
-0.04
-0.042
-0.046
-0.005
-0.021
-0.037
-0.042
-0.009
-0.006
-0.026
-0.01
0.007
0.031
0.056
0.044
0.075
0.1
0.093
0.137
0.135
0.149
0.16
0.178
0.147
0.192
0.2
0.228
0.245
0.248
0.28
0.328
0.315
0.361
0.365
0.393
0.416
0.45
0.45
0.478
0.478
0.49
0.487
0.527
0.518
0.542
0.56
0.558
0.565
0.606
0.607
0.649
0.672
0.673
0.681
0.701
0.708
0.7
0.702
0.701
0.716
0.708
0.705
0.736
0.724
0.712
0.724
0.724
0.694
0.701
0.669
0.672
0.668
0.666
0.637
0.637
0.619
0.614
0.612
0.59
0.592
0.557
0.522
0.494
0.467
0.447
0.444
0.419
0.375
0.349
0.328
0.265
0.3
0.281
0.225
0.225
0.143
0.139
0.088
0.061
0.038
0.016
-0.025
-0.038
-0.071
-0.096
-0.126
-0.149
-0.201
-0.211
-0.241
-0.307
-0.326
-0.348
-0.381
-0.404
-0.431
-0.423
-0.43
-0.481
-0.535
-0.562
-0.552
-0.585
-0.599
-0.608
-0.655
-0.666
-0.674
-0.687
-0.695
-0.662
-0.687
-0.742
-0.747
-0.767
-0.742
-0.746
-0.819
-0.784
-0.748
-0.808
-0.816
-0.784
-0.737
-0.718
-0.754
-0.755
-0.747
-0.749
-0.714
-0.674
-0.671
-0.686
-0.657
-0.632
-0.648
-0.591
-0.608
-0.569
-0.524
-0.567
-0.585
-0.546
-0.493
-0.481
-0.47
-0.436
-0.393
-0.41
-0.399
-0.373
-0.322
-0.301
-0.28
-0.271
-0.243
-0.249
-0.212
-0.172
-0.165
-0.141
-0.115
-0.089
-0.088
-0.073
-0.038
-0.014
0.02
0.006
-0.014
0.047
0.036
0.067
0.091
0.115
0.129
0.153
0.131
0.111
0.171
0.196
0.173
0.172
0.171
0.201
0.217
0.22
0.226
0.221
0.184
0.173
0.186
0.171
0.174
0.182
0.204
0.202
0.214
0.233
0.201
0.184
0.17
0.163
0.209
0.182
0.139
0.18
0.192
0.156
0.15
0.144
0.101
0.066
0.113
0.092
0.08
0.081
0.083
0.088
0.119
0.132
0.079
0.089
0.059
0.083
0.061
0.039
0.022
0.041
0.04
0.031
0.044
0.028
0.01
0.03
0.03
0.057
0.061
0.075
0.081
0.112
0.131
0.103
0.103
0.071
0.083
0.088
0.132
0.14
0.137
0.163
0.205
0.236
0.245
0.242
0.26
0.268
0.28
0.256
0.298
0.301
0.365
0.357
0.34
0.374
0.407
0.407
0.397
0.422
0.442
0.448
0.45
0.506
0.546
0.574
0.585
0.586
0.599
0.594
0.598
0.639
0.636
0.628
0.607
0.628
0.676
0.68
0.712
0.714
0.688
0.678
0.702
0.68
0.724
0.709
0.676
0.692
0.684
0.661
0.677
0.669
0.648
0.656
0.643
0.632
0.628
0.588
0.614
0.592
0.568
0.545
0.495
0.51
0.498
0.492
0.442
0.41
0.391
0.35
0.339
0.339
0.297
0.26
0.24
0.221
0.174
0.143
0.123
0.131
0.089
0.012
-0.033
-0.066
-0.06
-0.077
-0.103
-0.141
-0.177
-0.214
-0.257
-0.258
-0.287
-0.324
-0.34
-0.38
-0.399
-0.44
-0.483
-0.513
-0.535
-0.542
-0.563
-0.635
-0.631
-0.651
-0.636
-0.657
-0.645
-0.673
-0.692
-0.73
-0.754
-0.779
-0.776
-0.767
-0.777
-0.782
-0.788
-0.794
-0.804
-0.783
-0.778
-0.75
-0.802
-0.805
-0.809
-0.803
-0.782
-0.75
-0.709
-0.716
-0.718
-0.681
-0.712
-0.686
-0.677
-0.681
-0.646
-0.652
-0.626
-0.606
-0.543
-0.534
-0.518
-0.45
-0.475
-0.454
-0.42
-0.411
-0.409
-0.41
-0.391
-0.347
-0.312
-0.272
-0.263
-0.221
-0.201
-0.159
-0.158
-0.131
-0.095
-0.094
-0.081
-0.068
-0.046
0.004
0.007
0.032
0.061
0.076
0.113
0.1
0.1
0.119
0.144
0.099
0.103
0.166
0.194
0.204
0.228
0.25
0.244
0.252
0.236
0.216
0.25
0.22
0.268
0.225
0.212
0.237
0.208
0.237
0.24
0.248
0.217
0.221
0.198
0.21
0.197
0.166
0.204
0.19
0.196
0.189
0.19
0.204
0.172
0.158
0.162
0.169
0.127
0.101
0.083
0.092
0.112
0.111
0.088
0.096
0.087
0.069
0.062
0.056
0.075
0.099
0.072
0.051
0.033
0.025
0.032
0.053
0.055
0.066
0.068
0.035
0.061
0.069
0.085
0.112
0.084
0.068
0.077
0.066
0.077
0.099
0.112
0.149
0.155
0.177
0.18
0.149
0.192
0.208
0.228
0.228
0.248
0.269
0.27
0.29
0.299
0.346
0.34
0.355
0.382
0.394
0.383
0.397
0.443
0.466
0.488
0.502
0.547
0.568
0.567
0.59
0.61
0.606
0.602
0.594
0.635
0.628
0.624
0.66
0.668
0.688
0.685
0.697
0.7
0.696
0.71
0.728
0.713
0.73
0.704
0.701
0.725
0.702
0.706
0.71
0.68
0.669
0.678
0.664
0.65
0.624
0.619
0.593
0.548
0.539
0.536
0.515
0.506
0.502
0.476
0.451
0.389
0.369
0.357
0.329
0.295
0.266
0.242
0.202
0.181
0.147
0.139
0.108
0.069
0.033
-0.016
-0.058
-0.078
-0.125
-0.15
-0.179
-0.22
-0.226
-0.268
-0.311
-0.328
-0.385
-0.406
-0.433
-0.476
-0.487
-0.522
-0.562
-0.582
-0.585
-0.633
-0.642
-0.669
-0.702
-0.694
-0.728
-0.736
-0.737
-0.765
-0.799
-0.808
-0.795
-0.822
-0.835
-0.86
-0.821
-0.836
-0.864
-0.836
-0.813
-0.822
-0.824
-0.852
-0.843
-0.827
-0.834
-0.802
-0.78
-0.782
-0.797
-0.76
-0.724
-0.703
-0.702
-0.7
-0.673
-0.673
-0.618
-0.582
-0.587
-0.561
-0.544
-0.488
-0.45
-0.462
-0.437
-0.413
-0.371
-0.343
-0.343
-0.307
-0.273
-0.27
-0.215
-0.188
-0.195
-0.151
-0.131
-0.115
-0.074
-0.056
-0.008
0.01
0.014
0.057
0.071
0.075
0.105
0.136
0.14
0.162
0.159
0.19
0.208
0.221
0.24
0.238
0.222
0.25
0.272
0.293
0.306
0.316
0.316
0.321
0.308
0.316
0.324
0.323
0.319
0.306
0.323
0.305
0.286
0.311
0.303
0.298
0.292
0.283
0.297
0.284
0.258
0.25
0.248
0.249
0.238
0.221
0.197
0.198
0.176
0.18
0.18
0.184
0.168
0.149
0.115
0.133
0.117
0.099
0.095
0.091
0.089
0.063
0.061
0.051
0.059
0.051
0.044
0.026
0.028
0.052
0.033
0.036
0.034
0.057
0.072
0.045
0.037
0.033
0.028
0.042
0.068
0.064
0.05
0.041
0.071
0.116
0.143
0.145
0.147
0.157
0.152
0.18
0.222
0.232
0.245
0.238
0.256
0.291
0.295
0.32
0.337
0.349
0.342
0.385
0.426
0.45
0.484
0.498
0.522
0.536
0.514
0.527
0.568
0.592
0.595
0.604
0.603
0.633
0.654
0.668
0.712
0.698
0.684
0.726
0.717
0.732
0.766
0.768
0.765
0.766
0.761
0.766
0.758
0.748
0.746
0.76
0.724
0.728
0.73
0.716
0.7
0.724
0.694
0.657
0.666
0.632
0.602
0.589
0.57
0.537
0.537
0.483
0.456
0.432
0.404
0.381
0.335
0.305
0.279
0.238
0.236
0.214
0.158
0.109
0.095
0.057
0.01
-0.03
-0.045
-0.081
-0.138
-0.165
-0.198
-0.21
-0.252
-0.303
-0.353
-0.383
-0.408
-0.439
-0.463
-0.493
-0.538
-0.575
-0.601
-0.595
-0.61
-0.652
-0.702
-0.713
-0.74
-0.751
-0.753
-0.772
-0.792
-0.813
-0.835
-0.831
-0.841
-0.86
-0.847
-0.856
-0.894
-0.895
-0.868
-0.866
-0.877
-0.909
-0.878
-0.854
-0.841
-0.854
-0.839
-0.819
-0.806
-0.788
-0.76
-0.74
-0.747
-0.741
-0.72
-0.7
-0.674
-0.645
-0.604
-0.588
-0.557
-0.544
-0.494
-0.471
-0.465
-0.455
-0.469
-0.386
-0.357
-0.341
-0.288
-0.254
-0.195
-0.182
-0.171
-0.167
-0.126
-0.114
-0.103
-0.09
-0.034
0.031
0.055
0.047
0.062
0.133
0.145
0.156
0.168
0.182
0.205
0.2
0.236
0.286
0.275
0.301
0.319
0.335
0.301
0.285
0.33
0.35
0.331
0.327
0.345
0.373
0.387
0.359
0.39
0.371
0.361
0.377
0.355
0.336
0.346
0.346
0.33
0.306
0.305
0.287
0.297
0.25
0.233
0.289
0.272
0.232
0.221
0.22
0.196
0.163
0.16
0.171
0.133
0.112
0.1
0.097
0.087
0.084
0.091
0.077
0.035
0.04
0.012
0.029
0.032
-0.017
-0.006
-0.01
-0.016
-0.052
-0.048
-0.053
-0.058
-0.03
-0.058
-0.048
-0.04
-0.04
-0.03
-0.032
-0.04
-0.004
0.034
0.039
0.011
0.027
0.046
0.062
0.05
0.055
0.055
0.075
0.091
0.12
0.168
0.206
0.184
0.22
0.268
0.295
0.298
0.311
0.326
0.347
0.347
0.381
0.411
0.419
0.458
0.479
0.498
0.49
0.527
0.541
0.562
0.589
0.616
0.636
0.64
0.68
0.688
0.697
0.724
0.72
0.733
0.74
0.726
0.764
0.756
0.72
0.757
0.792
0.774
0.774
0.766
0.768
0.795
0.769
0.76
0.764
0.736
0.686
0.684
0.678
0.641
0.636
0.639
0.629
0.589
0.558
0.532
0.514
0.492
0.448
0.426
0.41
0.39
0.347
0.294
0.281
0.273
0.221
0.18
0.143
0.088
0.052
0.004
-0.042
-0.03
-0.08
-0.135
-0.135
-0.17
-0.245
-0.271
-0.292
-0.352
-0.372
-0.431
-0.474
-0.498
-0.515
-0.576
-0.614
-0.622
-0.644
-0.665
-0.711
-0.728
-0.735
-0.763
-0.784
-0.801
-0.818
-0.808
-0.852
-0.882
-0.877
-0.905
-0.905
-0.941
-0.939
-0.926
-0.948
-0.935
-0.958
-0.965
-0.94
-0.924
-0.886
-0.9
-0.87
-0.88
-0.878
-0.828
-0.839
-0.821
-0.825
-0.805
-0.781
-0.756
-0.767
-0.743
-0.685
-0.642
-0.604
-0.592
-0.553
-0.537
-0.534
-0.501
-0.457
-0.422
-0.399
-0.378
-0.343
-0.291
-0.262
-0.225
-0.212
-0.179
-0.155
-0.138
-0.143
-0.084
-0.021
0.02
0.045
0.081
0.087
0.104
0.111
0.157
0.19
0.188
0.166
0.204
0.238
0.248
0.275
0.308
0.337
0.336
0.345
0.354
0.324
0.365
0.358
0.383
0.378
0.349
0.361
0.358
0.378
0.353
0.377
0.361
0.331
0.316
0.315
0.342
0.323
0.328
0.309
0.272
0.244
0.24
0.23
0.217
0.224
0.173
0.172
0.147
0.127
0.133
0.079
0.085
0.052
0.041
0.014
-0.006
-0.013
-0.041
-0.016
-0.038
-0.066
-0.071
-0.087
-0.092
-0.113
-0.129
-0.151
-0.131
-0.143
-0.143
-0.178
-0.185
-0.182
-0.174
-0.189
-0.188
-0.211
-0.188
-0.189
-0.197
-0.194
-0.166
-0.146
-0.158
-0.123
-0.095
-0.106
-0.105
-0.089
-0.074
-0.062
-0.073
-0.042
-0.02
0.004
0.029
0.053
0.067
0.085
0.125
0.152
0.184
0.176
0.19
0.22
0.264
0.268
0.295
0.317
0.339
0.386
0.414
0.434
0.467
0.474
0.482
0.545
0.574
0.56
0.57
0.609
0.627
0.641
0.676
0.68
0.686
0.693
0.705
0.721
0.724
0.72
0.756
0.753
0.738
0.72
0.754
0.752
0.761
0.749
0.725
0.736
0.71
0.71
0.698
0.672
0.644
0.635
0.629
0.627
0.582
0.568
0.556
0.528
0.496
0.463
0.444
0.393
0.382
0.338
0.302
0.262
0.242
0.197
0.174
0.123
0.095
0.03
0.007
-0.001
-0.03
-0.082
-0.153
-0.178
-0.191
-0.22
-0.247
-0.321
-0.341
-0.366
-0.413
-0.457
-0.5
-0.56
-0.588
-0.622
-0.648
-0.651
-0.682
-0.729
-0.738
-0.72
-0.726
-0.77
-0.82
-0.818
-0.878
-0.884
-0.856
-0.876
-0.909
-0.922
-0.94
-0.892
-0.911
-0.935
-0.926
-0.907
-0.912
-0.945
-0.945
-0.904
-0.858
-0.837
-0.858
-0.837
-0.816
-0.794
-0.784
-0.779
-0.737
-0.708
-0.712
-0.687
-0.637
-0.604
-0.576
-0.574
-0.527
-0.5
-0.463
-0.43
-0.428
-0.387
-0.341
-0.323
-0.28
-0.263
-0.244
-0.219
-0.17
-0.137
-0.073
-0.042
-0.037
0.004
0.031
0.084
0.111
0.123
0.144
0.167
0.185
0.171
0.244
0.283
0.299
0.321
0.324
0.328
0.345
0.375
0.381
0.393
0.382
0.393
0.422
0.434
0.45
0.426
0.402
0.442
0.446
0.434
0.416
0.422
0.395
0.393
0.367
0.393
0.394
0.386
0.381
0.359
0.357
0.363
0.312
0.327
0.3
0.273
0.229
0.198
0.167
0.161
0.139
0.127
0.132
0.113
0.083
0.048
0.031
0.022
0.006
-0.05
-0.064
-0.046
-0.091
-0.107
-0.13
-0.102
-0.119
-0.145
-0.171
-0.197
-0.22
-0.246
-0.256
-0.234
-0.239
-0.242
-0.224
-0.207
-0.244
-0.247
-0.25
-0.246
-0.246
-0.246
-0.247
-0.224
-0.229
-0.234
-0.2
-0.18
-0.155
-0.151
-0.139
-0.115
-0.131
-0.103
-0.058
-0.058
-0.034
-0.002
0.002
0.041
0.059
0.06
0.117
0.129
0.147
0.167
0.2
0.242
0.25
0.3
0.328
0.358
0.361
0.398
0.43
0.47
0.463
0.478
0.535
0.525
0.564
0.585
0.572
0.623
0.648
0.637
0.656
0.694
0.717
0.732
0.744
0.733
0.765
0.757
0.733
0.732
0.732
0.736
0.748
0.741
0.742
0.749
0.732
0.708
0.708
0.726
0.685
0.656
0.633
0.627
0.614
0.585
0.55
0.561
0.522
0.512
0.466
0.414
0.39
0.357
0.319
0.307
0.264
0.212
0.2
0.177
0.124
0.096
0.071
0.007
-0.038
-0.099
-0.118
-0.169
-0.197
-0.241
-0.247
-0.28
-0.309
-0.365
-0.404
-0.445
-0.469
-0.505
-0.554
-0.579
-0.612
-0.646
-0.663
-0.702
-0.733
-0.714
-0.734
-0.749
-0.78
-0.804
-0.838
-0.801
-0.833
-0.877
-0.864
-0.87
-0.891
-0.898
-0.884
-0.874
-0.858
-0.851
-0.854
-0.87
-0.87
-0.843
-0.852
-0.841
-0.81
-0.79
-0.753
-0.729
-0.721
-0.701
-0.675
-0.678
-0.67
-0.627
-0.587
-0.57
-0.539
-0.498
-0.452
-0.418
-0.372
-0.337
-0.326
-0.308
-0.28
-0.26
-0.216
-0.185
-0.155
-0.117
-0.083
-0.042
0
0.054
0.064
0.079
0.111
0.149
0.173
0.188
0.22
0.24
0.286
0.305
0.299
0.308
0.343
0.379
0.385
0.411
0.42
0.418
0.438
0.442
0.467
0.48
0.47
0.468
0.462
0.458
0.478
0.466
0.47
0.474
0.456
0.45
0.45
0.412
0.406
0.4
0.398
0.391
0.379
0.355
0.346
0.359
0.309
0.289
0.248
0.229
0.208
0.178
0.163
0.143
0.103
0.087
0.076
0.083
0.054
0.022
-0.016
-0.061
-0.079
-0.103
-0.111
-0.135
-0.159
-0.193
-0.22
-0.208
-0.212
-0.224
-0.238
-0.266
-0.304
-0.306
-0.313
-0.322
-0.304
-0.333
-0.342
-0.347
-0.33
-0.307
-0.315
-0.306
-0.303
-0.325
-0.334
-0.326
-0.306
-0.281
-0.281
-0.272
-0.254
-0.233
-0.239
-0.201
-0.183
-0.172
-0.15
-0.131
-0.119
-0.117
-0.096
-0.061
-0.005
0.03
0.048
0.066
0.087
0.123
0.156
0.173
0.209
0.244
0.256
0.29
0.327
0.341
0.377
0.405
0.438
0.463
0.487
0.506
0.52
0.523
0.561
0.598
0.6
0.604
0.623
0.677
0.692
0.68
0.68
0.722
0.732
0.738
0.72
0.712
0.704
0.701
0.726
0.738
0.705
0.716
0.686
0.71
0.696
0.677
0.649
0.644
0.605
0.603
0.588
0.543
0.535
0.518
0.49
0.458
0.427
0.402
0.357
0.325
0.304
0.275
0.229
0.197
0.168
0.135
0.111
0.075
0.035
-0.013
-0.053
-0.097
-0.121
-0.167
-0.217
-0.246
-0.28
-0.308
-0.354
-0.364
-0.408
-0.436
-0.447
-0.514
-0.534
-0.561
-0.612
-0.624
-0.653
-0.674
-0.703
-0.72
-0.748
-0.757
-0.767
-0.787
-0.813
-0.831
-0.826
-0.817
-0.842
-0.854
-0.847
-0.854
-0.833
-0.816
-0.819
-0.831
-0.839
-0.82
-0.795
-0.79
-0.779
-0.752
-0.768
-0.733
-0.703
-0.661
-0.64
-0.636
-0.589
-0.541
-0.514
-0.505
-0.51
-0.462
-0.454
-0.435
-0.376
-0.332
-0.317
-0.264
-0.215
-0.195
-0.135
-0.117
-0.081
-0.024
-0.02
-0.017
0.015
0.069
0.119
0.143
0.18
0.198
0.262
0.283
0.292
0.318
0.34
0.369
0.394
0.411
0.414
0.455
0.478
0.491
0.508
0.512
0.546
0.548
0.529
0.531
0.514
0.533
0.55
0.537
0.546
0.559
0.544
0.548
0.567
0.536
0.516
0.494
0.478
0.463
0.43
0.426
0.404
0.39
0.37
0.361
0.374
0.337
0.268
0.254
0.242
0.216
0.181
0.123
0.116
0.119
0.087
0.061
0.03
0.002
-0.017
-0.064
-0.097
-0.137
-0.155
-0.172
-0.186
-0.193
-0.223
-0.247
-0.268
-0.306
-0.317
-0.312
-0.341
-0.376
-0.4
-0.417
-0.401
-0.383
-0.422
-0.423
-0.406
-0.426
-0.441
-0.432
-0.46
-0.441
-0.423
-0.418
-0.426
-0.439
-0.424
-0.396
-0.376
-0.38
-0.36
-0.323
-0.325
-0.318
-0.287
-0.26
-0.232
-0.207
-0.213
-0.188
-0.151
-0.126
-0.089
-0.078
-0.054
-0.002
0.037
0.054
0.08
0.125
0.163
0.184
0.193
0.228
0.257
0.28
0.309
0.334
0.358
0.393
0.426
0.455
0.46
0.495
0.525
0.535
0.552
0.575
0.615
0.656
0.635
0.656
0.652
0.664
0.674
0.681
0.664
0.677
0.684
0.666
0.66
0.676
0.689
0.702
0.688
0.668
0.656
0.661
0.629
0.617
0.59
0.589
0.563
0.529
0.494
0.49
0.47
0.438
0.4
0.357
0.353
0.325
0.268
0.244
0.228
0.21
0.193
0.16
0.121
0.073
0.042
-0.002
-0.042
-0.081
-0.121
-0.139
-0.183
-0.237
-0.28
-0.274
-0.302
-0.336
-0.368
-0.393
-0.43
-0.467
-0.502
-0.522
-0.529
-0.571
-0.595
-0.627
-0.654
-0.65
-0.67
-0.7
-0.706
-0.72
-0.703
-0.735
-0.761
-0.759
-0.752
-0.744
-0.731
-0.725
-0.75
-0.731
-0.719
-0.722
-0.715
-0.699
-0.701
-0.655
-0.646
-0.639
-0.612
-0.57
-0.543
-0.515
-0.499
-0.503
-0.464
-0.413
-0.412
-0.383
-0.339
-0.335
-0.296
-0.257
-0.213
-0.165
-0.123
-0.107
-0.066
-0.046
-0.024
0.043
0.061
0.101
0.112
0.172
0.192
0.21
0.225
0.279
0.312
0.355
0.394
0.399
0.422
0.428
0.478
0.512
0.516
0.53
0.568
0.571
0.592
0.598
0.592
0.612
0.607
0.611
0.648
0.608
0.613
0.615
0.598
0.628
0.672
0.625
0.645
0.615
0.586
0.592
0.539
0.519
0.52
0.496
0.466
0.45
0.411
0.394
0.377
0.365
0.341
0.303
0.242
0.23
0.22
0.192
0.149
0.131
0.132
0.068
0.016
-0.032
-0.056
-0.069
-0.094
-0.115
-0.146
-0.173
-0.217
-0.22
-0.263
-0.266
-0.298
-0.328
-0.359
-0.369
-0.401
-0.44
-0.436
-0.443
-0.446
-0.468
-0.546
-0.543
-0.534
-0.536
-0.526
-0.57
-0.525
-0.507
-0.553
-0.559
-0.541
-0.541
-0.523
-0.551
-0.538
-0.515
-0.519
-0.487
-0.496
-0.449
-0.427
-0.42
-0.418
-0.397
-0.366
-0.339
-0.336
-0.297
-0.24
-0.236
-0.24
-0.199
-0.166
-0.126
-0.079
-0.066
-0.058
-0.017
-0.002
0.061
0.109
0.103
0.143
0.143
0.2
0.237
0.248
0.236
0.269
0.329
0.353
0.351
0.379
0.385
0.423
0.463
0.474
0.49
0.507
0.507
0.533
0.57
0.547
0.564
0.578
0.563
0.593
0.564
0.577
0.573
0.561
0.57
0.563
0.549
0.539
0.546
0.551
0.508
0.499
0.49
0.475
0.463
0.434
0.416
0.379
0.339
0.369
0.383
0.329
0.25
0.232
0.22
0.2
0.131
0.115
0.081
0.058
0.026
0.015
0.006
-0.036
-0.065
-0.106
-0.142
-0.223
-0.247
-0.255
-0.294
-0.327
-0.32
-0.344
-0.369
-0.392
-0.42
-0.473
-0.487
-0.511
-0.553
-0.573
-0.581
-0.606
-0.635
-0.606
-0.616
-0.639
-0.648
-0.68
-0.672
-0.658
-0.721
-0.711
-0.7
-0.668
-0.658
-0.673
-0.663
-0.642
-0.618
-0.622
-0.604
-0.599
-0.612
-0.564
-0.546
-0.55
-0.509
-0.488
-0.468
-0.435
-0.404
-0.36
-0.366
-0.32
-0.267
-0.235
-0.239
-0.206
-0.159
-0.111
-0.075
-0.046
-0.012
-0.006
0.023
0.069
0.105
0.141
0.157
0.172
0.232
0.273
0.296
0.318
0.334
0.395
0.456
0.451
0.447
0.47
0.506
0.53
0.554
0.55
0.579
0.574
0.578
0.621
0.629
0.596
0.591
0.619
0.672
0.66
0.658
0.661
0.672
0.66
0.647
0.628
0.616
0.574
0.536
0.528
0.522
0.506
0.508
0.496
0.48
0.444
0.401
0.385
0.369
0.361
0.307
0.268
0.265
0.256
0.212
0.169
0.125
0.099
0.053
-0.005
-0.044
-0.057
-0.091
-0.106
-0.11
-0.147
-0.185
-0.194
-0.244
-0.284
-0.313
-0.337
-0.352
-0.394
-0.415
-0.417
-0.46
-0.49
-0.518
-0.524
-0.545
-0.569
-0.574
-0.6
-0.608
-0.618
-0.618
-0.602
-0.608
-0.66
-0.669
-0.662
-0.674
-0.678
-0.666
-0.633
-0.624
-0.644
-0.651
-0.606
-0.593
-0.579
-0.599
-0.571
-0.529
-0.542
-0.551
-0.497
-0.455
-0.429
-0.403
-0.381
-0.362
-0.355
-0.356
-0.306
-0.283
-0.239
-0.225
-0.17
-0.147
-0.115
-0.086
-0.026
-0.02
0.003
0.033
0.047
0.045
0.088
0.107
0.145
0.182
0.208
0.236
0.26
0.272
0.299
0.332
0.369
0.353
0.358
0.367
0.415
0.415
0.43
0.426
0.439
0.472
0.462
0.447
0.458
0.454
0.431
0.454
0.464
0.458
0.45
0.46
0.446
0.43
0.431
0.397
0.387
0.394
0.375
0.339
0.319
0.329
0.286
0.242
0.269
0.224
0.189
0.167
0.151
0.133
0.103
0.089
0.045
0.022
0.027
-0.03
-0.054
-0.073
-0.106
-0.087
-0.155
-0.172
-0.233
-0.248
-0.285
-0.285
-0.297
-0.314
-0.35
-0.366
-0.417
-0.441
-0.429
-0.449
-0.485
-0.471
-0.482
-0.492
-0.504
-0.508
-0.538
-0.532
-0.538
-0.537
-0.564
-0.583
-0.56
-0.542
-0.53
-0.518
-0.515
-0.492
-0.462
-0.495
-0.497
-0.48
-0.459
-0.437
-0.442
-0.38
-0.362
-0.354
-0.353
-0.315
-0.283
-0.265
-0.241
-0.221
-0.159
-0.169
-0.131
-0.078
-0.049
-0.008
0.043
0.04
0.047
0.091
0.123
0.197
0.202
0.229
0.274
0.288
0.331
0.357
0.398
0.44
0.426
0.43
0.459
0.483
0.547
0.543
0.604
0.627
0.605
0.617
0.654
0.66
0.668
0.676
0.657
0.656
0.688
0.664
0.698
0.732
0.704
0.698
0.697
0.69
0.68
0.657
0.653
0.644
0.643
0.623
0.579
0.584
0.55
0.533
0.498
0.51
0.43
0.438
0.394
0.377
0.398
0.351
0.318
0.288
0.264
0.232
0.176
0.143
0.104
0.069
0.052
0.011
-0.029
-0.04
-0.069
-0.143
-0.154
-0.192
-0.222
-0.21
-0.247
-0.3
-0.337
-0.338
-0.371
-0.392
-0.435
-0.455
-0.496
-0.527
-0.556
-0.575
-0.574
-0.578
-0.612
-0.618
-0.614
-0.65
-0.662
-0.644
-0.671
-0.696
-0.702
-0.688
-0.682
-0.698
-0.655
-0.67
-0.699
-0.69
-0.676
-0.653
-0.624
-0.639
-0.633
-0.589
-0.59
-0.559
-0.542
-0.506
-0.506
-0.472
-0.461
-0.447
-0.433
-0.394
-0.382
-0.351
-0.352
-0.308
-0.287
-0.237
-0.202
-0.173
-0.138
-0.13
-0.103
-0.076
-0.038
-0.024
-0.008
0.01
0.045
0.079
0.12
0.149
0.15
0.176
0.2
0.208
0.222
0.252
0.272
0.302
0.325
0.336
0.347
0.346
0.353
0.362
0.379
0.365
0.385
0.395
0.412
0.427
0.423
0.434
0.414
0.387
0.411
0.411
0.404
0.397
0.393
0.371
0.369
0.361
0.321
0.298
0.295
0.284
0.279
0.24
0.226
0.234
0.224
0.212
0.213
0.169
0.127
0.097
0.083
0.057
0.028
0.014
-0.001
-0.014
-0.041
-0.068
-0.072
-0.111
-0.13
-0.143
-0.15
-0.169
-0.208
-0.233
-0.217
-0.221
-0.231
-0.253
-0.274
-0.295
-0.32
-0.324
-0.329
-0.334
-0.329
-0.313
-0.332
-0.324
-0.337
-0.344
-0.333
-0.341
-0.328
-0.312
-0.289
-0.298
-0.292
-0.259
-0.236
-0.227
-0.215
-0.196
-0.186
-0.191
-0.162
-0.139
-0.103
-0.079
-0.037
-0.038
-0.028
0.004
0.018
0.055
0.103
0.128
0.151
0.176
0.197
0.242
0.292
0.304
0.324
0.365
0.367
0.393
0.415
0.458
0.486
0.506
0.561
0.592
0.605
0.598
0.622
0.652
0.668
0.664
0.697
0.748
0.736
0.756
0.769
0.792
0.784
0.804
0.821
0.793
0.792
0.797
0.802
0.822
0.805
0.808
0.805
0.822
0.788
0.776
0.744
0.726
0.728
0.693
0.676
0.653
0.628
0.61
0.611
0.602
0.583
0.553
0.512
0.494
0.442
0.404
0.385
0.354
0.34
0.289
0.284
0.248
0.209
0.186
0.137
0.108
0.057
-0.002
-0.018
-0.02
-0.036
-0.066
-0.111
-0.157
-0.163
-0.189
-0.248
-0.307
-0.356
-0.375
-0.404
-0.417
-0.446
-0.46
-0.489
-0.526
-0.53
-0.547
-0.578
-0.597
-0.62
-0.626
-0.636
-0.628
-0.662
-0.686
-0.675
-0.678
-0.668
-0.699
-0.732
-0.699
-0.707
-0.709
-0.685
-0.68
-0.66
-0.661
-0.659
-0.658
-0.642
-0.614
-0.616
-0.602
-0.582
-0.569
-0.555
-0.536
-0.522
-0.51
-0.479
-0.458
-0.431
-0.419
-0.382
-0.34
-0.341
-0.33
-0.289
-0.269
-0.216
-0.192
-0.192
-0.155
-0.149
-0.118
-0.096
-0.054
-0.04
0
0.012
0.004
0.038
0.093
0.124
0.131
0.125
0.153
0.176
0.185
0.204
0.212
0.233
0.242
0.258
0.273
0.288
0.314
0.309
0.314
0.302
0.298
0.315
0.337
0.323
0.317
0.339
0.31
0.322
0.331
0.326
0.311
0.29
0.286
0.277
0.25
0.23
0.26
0.25
0.232
0.206
0.196
0.18
0.163
0.154
0.148
0.111
0.087
0.067
0.081
0.058
0.018
0.011
-0.002
0.004
-0.022
-0.06
-0.065
-0.072
-0.107
-0.105
-0.129
-0.134
-0.131
-0.141
-0.153
-0.151
-0.161
-0.194
-0.213
-0.208
-0.197
-0.207
-0.211
-0.207
-0.202
-0.188
-0.186
-0.178
-0.177
-0.188
-0.162
-0.15
-0.149
-0.155
-0.131
-0.119
-0.107
-0.095
-0.098
-0.069
-0.061
-0.045
-0.022
-0.01
-0.008
0.053
0.079
0.073
0.123
0.124
0.141
0.2
0.214
0.226
0.242
0.262
0.288
0.311
0.332
0.371
0.406
0.4
0.438
0.494
0.506
0.503
0.528
0.574
0.605
0.606
0.621
0.67
0.676
0.68
0.672
0.724
0.74
0.732
0.768
0.756
0.777
0.787
0.788
0.842
0.819
0.788
0.808
0.808
0.804
0.834
0.808
0.797
0.789
0.778
0.766
0.768
0.764
0.733
0.717
0.7
0.701
0.672
0.648
0.647
0.609
0.581
0.549
0.525
0.502
0.464
0.414
0.435
0.402
0.358
0.321
0.288
0.256
0.212
0.192
0.193
0.145
0.091
0.065
0.041
0.022
-0.021
-0.092
-0.135
-0.146
-0.189
-0.208
-0.245
-0.27
-0.271
-0.292
-0.351
-0.395
-0.421
-0.467
-0.484
-0.494
-0.496
-0.525
-0.591
-0.614
-0.612
-0.629
-0.63
-0.672
-0.699
-0.702
-0.717
-0.71
-0.712
-0.722
-0.728
-0.725
-0.735
-0.774
-0.783
-0.751
-0.758
-0.784
-0.776
-0.772
-0.737
-0.724
-0.749
-0.713
-0.695
-0.719
-0.715
-0.68
-0.647
-0.61
-0.601
-0.604
-0.583
-0.571
-0.558
-0.538
-0.503
-0.49
-0.462
-0.446
-0.412
-0.396
-0.378
-0.336
-0.3
-0.294
-0.276
-0.258
-0.232
-0.231
-0.199
-0.171
-0.119
-0.099
-0.103
-0.086
-0.028
-0.025
-0.054
-0.01
0.032
0.091
0.075
0.068
0.093
0.139
0.139
0.149
0.164
0.151
0.176
0.204
0.204
0.221
0.196
0.225
0.245
0.228
0.228
0.224
0.242
0.221
0.228
0.225
0.225
0.216
0.245
0.256
0.232
0.194
0.188
0.178
0.186
0.167
0.182
0.182
0.128
0.124
0.141
0.135
0.127
0.083
0.075
0.075
0.045
0.045
0.051
0.058
0.052
0.029
0.004
-0.016
-0.041
-0.042
-0.014
-0.029
-0.022
-0.068
-0.074
-0.078
-0.065
-0.042
-0.062
-0.1
-0.094
-0.088
-0.066
-0.054
-0.061
-0.066
-0.049
-0.046
-0.066
-0.066
-0.075
-0.064
-0.05
-0.03
-0.004
0.008
-0.009
0.022
0.019
0.032
0.038
0.058
0.117
0.1
0.119
0.137
0.162
0.196
0.206
0.221
0.249
0.252
0.264
0.306
0.339
0.383
0.386
0.405
0.423
0.431
0.438
0.466
0.506
0.524
0.542
0.567
0.58
0.607
0.628
0.661
0.665
0.669
0.701
0.708
0.758
0.775
0.781
0.784
0.792
0.776
0.756
0.775
0.782
0.811
0.797
0.809
0.84
0.818
0.794
0.794
0.813
0.805
0.785
0.772
0.746
0.734
0.748
0.73
0.733
0.732
0.678
0.64
0.623
0.604
0.596
0.583
0.539
0.507
0.514
0.512
0.482
0.426
0.385
0.369
0.332
0.308
0.287
0.23
0.201
0.188
0.137
0.119
0.083
0.034
0.019
-0.034
-0.069
-0.105
-0.123
-0.147
-0.159
-0.213
-0.272
-0.319
-0.328
-0.364
-0.362
-0.37
-0.395
-0.444
-0.49
-0.501
-0.51
-0.546
-0.589
-0.614
-0.637
-0.657
-0.673
-0.678
-0.683
-0.697
-0.719
-0.731
-0.736
-0.771
-0.786
-0.775
-0.757
-0.782
-0.779
-0.784
-0.798
-0.777
-0.776
-0.785
-0.787
-0.805
-0.763
-0.76
-0.758
-0.728
-0.734
-0.718
-0.7
-0.696
-0.671
-0.698
-0.67
-0.659
-0.616
-0.581
-0.58
-0.573
-0.581
-0.521
-0.499
-0.49
-0.477
-0.478
-0.416
-0.386
-0.351
-0.341
-0.336
-0.292
-0.253
-0.24
-0.254
-0.24
-0.186
-0.178
-0.159
-0.135
-0.084
-0.062
-0.061
-0.045
-0.021
-0.01
-0.006
0.02
0.048
0.071
0.066
0.095
0.099
0.107
0.128
0.157
0.157
0.152
0.15
0.173
0.216
0.192
0.158
0.204
0.194
0.192
0.204
0.229
0.213
0.214
0.204
0.182
0.206
0.185
0.188
0.192
0.202
0.177
0.196
0.167
0.176
0.16
0.16
0.162
0.136
0.129
0.112
0.103
0.113
0.121
0.111
0.131
0.083
0.079
0.091
0.088
0.055
0.087
0.073
0.085
0.05
0.055
0.053
0.042
0.036
0.025
0.022
0.027
0.032
0.043
0.03
0.036
0.043
0.056
0.069
0.079
0.08
0.056
0.092
0.097
0.113
0.125
0.104
0.124
0.147
0.16
0.153
0.165
0.2
0.192
0.22
0.224
0.261
0.257
0.286
0.33
0.342
0.35
0.361
0.385
0.389
0.416
0.436
0.467
0.471
0.479
0.504
0.536
0.538
0.57
0.613
0.633
0.621
0.617
0.662
0.7
0.688
0.705
0.741
0.752
0.752
0.75
0.741
0.778
0.803
0.818
0.811
0.801
0.807
0.825
0.85
0.838
0.831
0.847
0.838
0.836
0.851
0.843
0.834
0.833
0.801
0.796
0.779
0.773
0.791
0.726
0.714
0.732
0.705
0.632
0.65
0.628
0.6
0.599
0.536
0.556
0.54
0.498
0.434
0.426
0.386
0.37
0.331
0.309
0.246
0.226
0.202
0.189
0.136
0.128
0.068
0.052
0.043
-0.018
-0.078
-0.135
-0.135
-0.147
-0.223
-0.269
-0.217
-0.292
-0.326
-0.362
-0.376
-0.365
-0.415
-0.452
-0.473
-0.517
-0.543
-0.589
-0.542
-0.538
-0.589
-0.686
-0.672
-0.669
-0.688
-0.68
-0.751
-0.801
-0.716
-0.755
-0.748
-0.777
-0.777
-0.781
-0.804
-0.819
-0.802
-0.789
-0.791
-0.821
-0.8
-0.757
-0.778
-0.813
-0.784
-0.761
-0.749
-0.656
-0.686
-0.682
-0.731
-0.706
-0.652
-0.614
-0.599
-0.672
-0.668
-0.561
-0.53
-0.602
-0.511
-0.391
-0.429
-0.449
-0.393
-0.351
-0.347
-0.364
-0.37
-0.275
-0.18
-0.265
-0.204
-0.223
-0.162
-0.199
-0.082
-0.106
-0.098
-0.066
-0.006
-0.079
0.01
0.023
0.037
0.073
0.113
0.095
0.104
0.14
0.161
0.184
0.141
0.143
0.225
0.244
0.245
0.115
0.268
0.311
0.302
0.305
0.233
0.292
0.299
0.228
0.307
0.276
0.301
0.264
0.33
0.366
0.426
0.274
0.197
0.405
0.322
0.248
0.34
0.268
0.18
0.365
0.284
0.308
0.225
0.228
0.303
0.217
0.229
0.178
0.152
0.265
0.248
0.26
0.181
0.196
0.21
0.274
0.161
0.073
0.123
0.132
0.26
0.194
0.109
0.172
0.155
0.185
0.19
0.196
0.151
0.048
0.133
0.25
0.228
0.196
0.205
0.196
0.244
0.224
0.18
0.205
0.2
0.244
0.337
0.268
0.233
0.264
0.268
0.349
0.362
0.315
0.373
0.369
0.422
0.394
0.386
0.422
0.474
0.5
0.518
0.475
0.502
0.57
0.554
0.602
0.511
0.629
0.652
0.708
0.678
0.705
0.708
0.732
0.78
0.716
0.744
0.758
0.784
0.783
0.78
0.861
0.839
0.873
0.894
0.91
0.918
0.866
0.912
0.831
0.878
0.89
0.902
0.826
0.891
0.878
0.847
0.845
0.816
0.827
0.748
0.79
0.808
0.798
0.68
0.778
0.7
0.704
0.714
0.674
0.621
0.57
0.567
0.525
0.523
0.498
0.47
0.438
0.406
0.381
0.321
0.331
0.312
0.272
0.193
0.155
0.148
0.119
0.068
0.05
-0.006
-0.018
-0.075
-0.115
-0.106
-0.113
-0.19
-0.235
-0.296
-0.347
-0.304
-0.343
-0.444
-0.41
-0.479
-0.493
-0.529
-0.527
-0.596
-0.583
-0.622
-0.673
-0.667
-0.693
-0.693
-0.697
-0.743
-0.742
-0.765
-0.799
-0.805
-0.821
-0.864
-0.822
-0.817
-0.877
-0.847
-0.852
-0.898
-0.872
-0.88
-0.808
-0.85
-0.828
-0.809
-0.775
-0.807
-0.802
-0.814
-0.783
-0.794
-0.838
-0.764
-0.727
-0.701
-0.687
-0.662
-0.633
-0.643
-0.595
-0.614
-0.537
-0.508
-0.557
-0.469
-0.435
-0.389
-0.383
-0.378
-0.322
-0.319
-0.311
-0.261
-0.278
-0.2
-0.204
-0.167
-0.103
-0.061
-0.054
-0.033
0.004
0.031
0.045
0.061
0.096
0.104
0.123
0.123
0.172
0.212
0.21
0.245
0.249
0.232
0.317
0.317
0.303
0.339
0.354
0.335
0.361
0.351
0.373
0.339
0.404
0.402
0.426
0.419
0.381
0.416
0.358
0.418
0.374
0.393
0.345
0.377
0.393
0.359
0.393
0.395
0.377
0.331
0.319
0.332
0.358
0.282
0.292
0.29
0.277
0.293
0.294
0.279
0.288
0.244
0.238
0.208
0.213
0.232
0.196
0.177
0.182
0.153
0.18
0.177
0.152
0.169
0.115
0.121
0.153
0.145
0.119
0.129
0.091
0.119
0.149
0.143
0.145
0.133
0.145
0.192
0.151
0.157
0.192
0.212
0.204
0.188
0.193
0.208
0.224
0.256
0.296
0.302
0.28
0.334
0.342
0.361
0.349
0.357
0.434
0.434
0.491
0.515
0.486
0.482
0.51
0.602
0.613
0.625
0.602
0.639
0.693
0.662
0.754
0.706
0.748
0.738
0.779
0.773
0.752
0.824
0.822
0.869
0.816
0.908
0.881
0.906
0.911
0.891
0.906
0.916
0.923
0.938
0.862
0.869
0.893
0.872
0.872
0.906
0.858
0.873
0.857
0.829
0.862
0.842
0.797
0.761
0.74
0.725
0.682
0.641
0.654
0.609
0.629
0.582
0.559
0.519
0.504
0.459
0.443
0.374
0.315
0.33
0.304
0.268
0.218
0.17
0.132
0.087
0.034
-0.03
-0.066
-0.071
-0.135
-0.147
-0.174
-0.221
-0.278
-0.273
-0.326
-0.379
-0.394
-0.462
-0.535
-0.545
-0.584
-0.602
-0.599
-0.657
-0.696
-0.74
-0.805
-0.813
-0.799
-0.777
-0.828
-0.841
-0.89
-0.904
-0.933
-0.935
-0.945
-0.962
-1.001
-0.987
-1.018
-0.979
-0.942
-0.96
-0.991
-0.999
-0.989
-0.98
-0.992
-0.988
-0.996
-0.99
-0.927
-0.922
-0.902
-0.882
-0.868
-0.852
-0.827
-0.809
-0.807
-0.785
-0.767
-0.743
-0.669
-0.663
-0.622
-0.595
-0.54
-0.513
-0.503
-0.495
-0.454
-0.44
-0.4
-0.371
-0.295
-0.284
-0.291
-0.219
-0.184
-0.127
-0.102
-0.086
-0.058
-0.026
-0.021
0.011
0.053
0.1
0.119
0.147
0.168
0.173
0.202
0.232
0.254
0.302
0.305
0.316
0.294
0.334
0.371
0.403
0.394
0.408
0.426
0.42
0.408
0.403
0.401
0.419
0.398
0.385
0.414
0.412
0.418
0.416
0.407
0.419
0.375
0.367
0.357
0.353
0.349
0.349
0.331
0.358
0.335
0.278
0.25
0.241
0.24
0.22
0.196
0.186
0.181
0.176
0.18
0.141
0.108
0.083
0.068
0.05
0.01
0.002
0.003
0.006
-0.018
-0.006
-0.022
-0.052
-0.044
-0.082
-0.103
-0.076
-0.096
-0.079
-0.058
-0.064
-0.053
-0.066
-0.05
-0.071
-0.088
-0.082
-0.096
-0.085
-0.057
-0.012
-0.006
-0.008
-0.008
0.016
0.054
0.039
0.046
0.079
0.095
0.125
0.132
0.165
0.168
0.205
0.232
0.268
0.278
0.29
0.305
0.361
0.394
0.406
0.438
0.458
0.47
0.491
0.538
0.571
0.576
0.585
0.629
0.658
0.692
0.704
0.732
0.756
0.75
0.789
0.813
0.799
0.845
0.856
0.878
0.886
0.865
0.886
0.879
0.873
0.889
0.89
0.886
0.859
0.854
0.879
0.887
0.865
0.856
0.842
0.851
0.839
0.812
0.804
0.769
0.752
0.737
0.686
0.652
0.652
0.613
0.595
0.548
0.51
0.487
0.443
0.412
0.408
0.345
0.309
0.256
0.212
0.197
0.147
0.1
0.056
0.039
-0.022
-0.069
-0.159
-0.192
-0.226
-0.261
-0.288
-0.328
-0.397
-0.412
-0.447
-0.497
-0.508
-0.572
-0.626
-0.677
-0.698
-0.734
-0.763
-0.804
-0.854
-0.852
-0.888
-0.932
-0.964
-0.969
-0.966
-0.99
-0.998
-1.041
-1.071
-1.054
-1.074
-1.067
-1.076
-1.09
-1.102
-1.09
-1.06
-1.076
-1.084
-1.089
-1.095
-1.071
-1.068
-1.057
-1.039
-1.013
-0.975
-0.933
-0.921
-0.916
-0.89
-0.866
-0.84
-0.802
-0.781
-0.764
-0.726
-0.682
-0.644
-0.597
-0.56
-0.551
-0.503
-0.465
-0.428
-0.399
-0.355
-0.306
-0.273
-0.237
-0.175
-0.141
-0.13
-0.117
-0.041
0.02
0.032
0.048
0.115
0.143
0.155
0.194
0.216
0.26
0.274
0.277
0.334
0.39
0.367
0.391
0.418
0.442
0.45
0.455
0.478
0.483
0.49
0.502
0.533
0.526
0.536
0.527
0.534
0.515
0.494
0.466
0.466
0.504
0.519
0.478
0.486
0.458
0.444
0.423
0.381
0.39
0.35
0.327
0.311
0.324
0.311
0.276
0.275
0.229
0.222
0.184
0.153
0.135
0.099
0.093
0.061
0.058
0.029
0.002
-0.014
-0.046
-0.08
-0.105
-0.143
-0.161
-0.135
-0.168
-0.183
-0.203
-0.208
-0.219
-0.213
-0.25
-0.251
-0.275
-0.286
-0.306
-0.287
-0.3
-0.313
-0.29
-0.293
-0.284
-0.283
-0.265
-0.263
-0.195
-0.194
-0.198
-0.183
-0.179
-0.161
-0.135
-0.092
-0.083
-0.07
-0.05
-0.025
0.008
0.018
0.054
0.05
0.083
0.127
0.171
0.229
0.234
0.285
0.313
0.35
0.365
0.404
0.435
0.446
0.466
0.472
0.528
0.569
0.594
0.645
0.684
0.696
0.709
0.714
0.756
0.764
0.802
0.827
0.848
0.842
0.866
0.877
0.906
0.908
0.91
0.918
0.895
0.906
0.882
0.914
0.927
0.923
0.889
0.89
0.89
0.863
0.852
0.816
0.82
0.806
0.776
0.71
0.701
0.714
0.68
0.649
0.613
0.582
0.548
0.512
0.486
0.446
0.381
0.345
0.321
0.257
0.213
0.164
0.128
0.095
0.044
-0.005
-0.052
-0.083
-0.106
-0.154
-0.24
-0.3
-0.344
-0.367
-0.397
-0.463
-0.495
-0.526
-0.573
-0.616
-0.645
-0.699
-0.745
-0.783
-0.823
-0.833
-0.86
-0.895
-0.914
-0.922
-0.982
-1.007
-1.015
-1.026
-1.044
-1.079
-1.093
-1.124
-1.128
-1.112
-1.124
-1.122
-1.12
-1.124
-1.146
-1.148
-1.12
-1.083
-1.067
-1.079
-1.07
-1.044
-1.023
-0.999
-0.998
-0.942
-0.91
-0.891
-0.866
-0.846
-0.817
-0.769
-0.751
-0.703
-0.653
-0.635
-0.595
-0.538
-0.487
-0.453
-0.432
-0.405
-0.351
-0.294
-0.253
-0.223
-0.153
-0.127
-0.082
-0.045
-0.005
0.037
0.099
0.107
0.17
0.202
0.214
0.246
0.31
0.347
0.361
0.375
0.404
0.442
0.458
0.491
0.491
0.499
0.491
0.542
0.578
0.583
0.569
0.599
0.586
0.604
0.636
0.621
0.608
0.607
0.574
0.586
0.578
0.548
0.559
0.548
0.532
0.507
0.47
0.447
0.41
0.385
0.395
0.367
0.345
0.332
0.292
0.3
0.252
0.192
0.193
0.131
0.107
0.095
0.057
0.014
-0.014
-0.028
-0.048
-0.05
-0.123
-0.153
-0.191
-0.202
-0.212
-0.264
-0.275
-0.291
-0.303
-0.327
-0.352
-0.383
-0.424
-0.43
-0.425
-0.415
-0.45
-0.49
-0.456
-0.482
-0.473
-0.476
-0.455
-0.458
-0.474
-0.443
-0.448
-0.454
-0.458
-0.432
-0.397
-0.394
-0.394
-0.365
-0.351
-0.325
-0.279
-0.24
-0.226
-0.224
-0.194
-0.145
-0.092
-0.09
-0.061
-0.009
0.006
0.048
0.096
0.103
0.145
0.178
0.202
0.26
0.297
0.327
0.358
0.419
0.456
0.48
0.515
0.535
0.553
0.611
0.648
0.668
0.712
0.724
0.753
0.779
0.8
0.833
0.856
0.86
0.871
0.887
0.895
0.91
0.914
0.911
0.942
0.943
0.922
0.916
0.914
0.899
0.914
0.898
0.894
0.853
0.836
0.824
0.835
0.824
0.8
0.787
0.729
0.696
0.656
0.617
0.569
0.551
0.495
0.471
0.434
0.393
0.369
0.321
0.264
0.26
0.188
0.143
0.058
0.034
-0.01
-0.062
-0.098
-0.145
-0.146
-0.227
-0.286
-0.334
-0.388
-0.431
-0.472
-0.501
-0.547
-0.606
-0.637
-0.671
-0.679
-0.732
-0.782
-0.799
-0.835
-0.878
-0.895
-0.895
-0.94
-0.95
-0.998
-1.011
-1.024
-1.051
-1.041
-1.078
-1.084
-1.082
-1.065
-1.054
-1.068
-1.03
-1.05
-1.033
-1.041
-1.04
-1.007
-0.994
-0.965
-0.921
-0.893
-0.862
-0.874
-0.83
-0.816
-0.758
-0.756
-0.714
-0.683
-0.65
-0.602
-0.557
-0.515
-0.449
-0.405
-0.365
-0.324
-0.294
-0.25
-0.194
-0.158
-0.103
-0.09
-0.034
0.026
0.043
0.099
0.156
0.2
0.246
0.273
0.307
0.33
0.357
0.381
0.443
0.487
0.506
0.52
0.555
0.602
0.607
0.631
0.66
0.68
0.673
0.661
0.693
0.722
0.724
0.728
0.762
0.756
0.766
0.71
0.74
0.736
0.701
0.692
0.665
0.662
0.64
0.644
0.617
0.602
0.584
0.53
0.52
0.495
0.474
0.443
0.414
0.361
0.345
0.328
0.274
0.242
0.197
0.158
0.147
0.107
0.058
0.018
-0.02
-0.06
-0.098
-0.118
-0.163
-0.209
-0.224
-0.258
-0.29
-0.281
-0.327
-0.355
-0.405
-0.44
-0.46
-0.477
-0.519
-0.541
-0.562
-0.555
-0.568
-0.591
-0.599
-0.593
-0.599
-0.612
-0.616
-0.649
-0.644
-0.616
-0.629
-0.608
-0.608
-0.606
-0.565
-0.566
-0.545
-0.519
-0.512
-0.501
-0.474
-0.438
-0.418
-0.387
-0.398
-0.326
-0.283
-0.258
-0.216
-0.172
-0.151
-0.121
-0.095
-0.056
-0.026
0.018
0.037
0.092
0.131
0.182
0.225
0.29
0.313
0.338
0.397
0.418
0.455
0.502
0.533
0.555
0.601
0.637
0.688
0.721
0.72
0.746
0.741
0.779
0.794
0.831
0.848
0.862
0.891
0.889
0.911
0.91
0.919
0.922
0.916
0.895
0.91
0.902
0.87
0.89
0.866
0.851
0.857
0.828
0.826
0.795
0.772
0.741
0.732
0.672
0.666
0.619
0.573
0.533
0.498
0.478
0.428
0.397
0.379
0.323
0.305
0.261
0.204
0.15
0.091
0.041
0.026
-0.022
-0.086
-0.101
-0.167
-0.189
-0.24
-0.289
-0.327
-0.381
-0.437
-0.48
-0.485
-0.548
-0.544
-0.599
-0.645
-0.662
-0.67
-0.706
-0.719
-0.747
-0.803
-0.824
-0.852
-0.864
-0.872
-0.889
-0.883
-0.87
-0.901
-0.898
-0.907
-0.895
-0.89
-0.898
-0.891
-0.896
-0.86
-0.862
-0.841
-0.808
-0.823
-0.783
-0.729
-0.706
-0.679
-0.662
-0.628
-0.585
-0.576
-0.546
-0.487
-0.463
-0.417
-0.377
-0.326
-0.241
-0.186
-0.163
-0.139
-0.111
-0.075
-0.005
0.025
0.05
0.105
0.153
0.204
0.246
0.309
0.346
0.382
0.427
0.452
0.502
0.531
0.543
0.632
0.652
0.68
0.7
0.746
0.76
0.79
0.77
0.805
0.85
0.848
0.866
0.861
0.864
0.871
0.911
0.922
0.931
0.927
0.918
0.894
0.887
0.882
0.859
0.817
0.803
0.77
0.775
0.756
0.744
0.756
0.708
0.668
0.633
0.591
0.551
0.502
0.458
0.434
0.403
0.349
0.32
0.316
0.26
0.208
0.16
0.115
0.068
0.06
0.002
-0.071
-0.107
-0.146
-0.173
-0.192
-0.257
-0.318
-0.352
-0.385
-0.426
-0.459
-0.464
-0.508
-0.528
-0.536
-0.587
-0.63
-0.645
-0.671
-0.677
-0.696
-0.711
-0.744
-0.718
-0.754
-0.771
-0.743
-0.721
-0.764
-0.761
-0.754
-0.727
-0.715
-0.717
-0.68
-0.645
-0.649
-0.656
-0.642
-0.612
-0.601
-0.58
-0.557
-0.521
-0.465
-0.466
-0.375
-0.347
-0.331
-0.287
-0.252
-0.214
-0.197
-0.178
-0.129
-0.082
-0.032
0.019
0.073
0.107
0.153
0.18
0.244
0.277
0.311
0.353
0.393
0.41
0.446
0.487
0.541
0.581
0.628
0.654
0.678
0.688
0.72
0.708
0.748
0.781
0.814
0.82
0.844
0.859
0.877
0.891
0.882
0.894
0.863
0.878
0.864
0.858
0.845
0.82
0.844
0.826
0.814
0.8
0.773
0.762
0.744
0.725
0.696
0.686
0.599
0.613
0.545
0.506
0.515
0.456
0.395
0.357
0.353
0.324
0.29
0.218
0.19
0.156
0.099
0.068
0.014
-0.012
-0.058
-0.084
-0.135
-0.188
-0.205
-0.213
-0.301
-0.351
-0.354
-0.419
-0.429
-0.464
-0.511
-0.517
-0.563
-0.582
-0.582
-0.608
-0.667
-0.679
-0.69
-0.729
-0.73
-0.751
-0.723
-0.735
-0.73
-0.724
-0.735
-0.731
-0.714
-0.732
-0.726
-0.709
-0.712
-0.712
-0.688
-0.667
-0.64
-0.595
-0.593
-0.553
-0.529
-0.484
-0.439
-0.451
-0.413
-0.369
-0.334
-0.284
-0.258
-0.233
-0.179
-0.129
-0.09
-0.038
0.023
0.032
0.079
0.115
0.17
0.177
0.229
0.308
0.335
0.359
0.444
0.486
0.523
0.533
0.565
0.62
0.657
0.654
0.69
0.726
0.775
0.797
0.859
0.873
0.878
0.9
0.914
0.906
0.947
0.95
0.952
0.986
0.978
0.963
0.966
0.99
0.98
0.991
0.954
0.946
0.906
0.906
0.898
0.879
0.873
0.824
0.805
0.769
0.733
0.721
0.653
0.656
0.647
0.58
0.565
0.512
0.456
0.407
0.373
0.365
0.298
0.246
0.204
0.173
0.129
0.108
0.057
0.004
-0.024
-0.103
-0.123
-0.181
-0.262
-0.266
-0.289
-0.339
-0.379
-0.431
-0.459
-0.491
-0.549
-0.572
-0.599
-0.653
-0.662
-0.68
-0.697
-0.72
-0.722
-0.74
-0.764
-0.794
-0.832
-0.836
-0.838
-0.841
-0.828
-0.851
-0.864
-0.858
-0.858
-0.84
-0.851
-0.83
-0.808
-0.805
-0.774
-0.764
-0.764
-0.71
-0.701
-0.688
-0.642
-0.624
-0.606
-0.569
-0.547
-0.519
-0.455
-0.438
-0.412
-0.375
-0.322
-0.274
-0.24
-0.213
-0.143
-0.103
-0.058
-0.017
0.002
0.066
0.104
0.105
0.176
0.184
0.216
0.256
0.278
0.332
0.375
0.405
0.45
0.479
0.518
0.54
0.535
0.573
0.635
0.628
0.649
0.658
0.677
0.669
0.681
0.704
0.726
0.73
0.724
0.725
0.718
0.74
0.734
0.744
0.738
0.702
0.681
0.668
0.66
0.643
0.633
0.608
0.582
0.54
0.506
0.5
0.482
0.472
0.451
0.408
0.387
0.362
0.34
0.297
0.26
0.208
0.148
0.115
0.087
0.069
0.035
-0.002
-0.049
-0.084
-0.094
-0.119
-0.171
-0.194
-0.227
-0.263
-0.276
-0.336
-0.351
-0.359
-0.402
-0.414
-0.433
-0.448
-0.475
-0.49
-0.513
-0.506
-0.533
-0.554
-0.577
-0.576
-0.568
-0.557
-0.558
-0.573
-0.563
-0.541
-0.541
-0.536
-0.534
-0.531
-0.525
-0.516
-0.497
-0.455
-0.395
-0.389
-0.37
-0.354
-0.328
-0.29
-0.238
-0.217
-0.197
-0.166
-0.139
-0.097
-0.075
-0.032
0.027
0.084
0.092
0.131
0.172
0.217
0.256
0.305
0.353
0.397
0.428
0.478
0.526
0.545
0.568
0.632
0.657
0.681
0.716
0.718
0.762
0.788
0.822
0.833
0.881
0.912
0.95
0.971
0.984
0.98
1
1.006
0.994
1.022
1.016
1.003
1.036
1.028
1.018
1.014
1.014
0.994
0.978
0.958
0.938
0.916
0.91
0.897
0.882
0.855
0.813
0.781
0.73
0.7
0.665
0.632
0.577
0.545
0.51
0.475
0.45
0.405
0.354
0.325
0.299
0.232
0.176
0.143
0.081
0.062
0.011
-0.045
-0.087
-0.126
-0.184
-0.232
-0.25
-0.305
-0.353
-0.397
-0.436
-0.464
-0.526
-0.567
-0.596
-0.602
-0.647
-0.702
-0.719
-0.749
-0.775
-0.808
-0.813
-0.843
-0.872
-0.87
-0.885
-0.87
-0.877
-0.892
-0.919
-0.931
-0.916
-0.919
-0.942
-0.916
-0.901
-0.911
-0.901
-0.88
-0.856
-0.845
-0.833
-0.825
-0.795
-0.771
-0.737
-0.704
-0.663
-0.622
-0.608
-0.59
-0.55
-0.52
-0.488
-0.43
-0.409
-0.377
-0.336
-0.295
-0.261
-0.201
-0.173
-0.131
-0.109
-0.08
-0.054
0.01
0.053
0.065
0.129
0.153
0.196
0.244
0.258
0.274
0.322
0.342
0.386
0.39
0.419
0.463
0.498
0.498
0.519
0.558
0.551
0.57
0.563
0.576
0.59
0.577
0.593
0.612
0.622
0.624
0.607
0.632
0.592
0.581
0.585
0.593
0.599
0.604
0.566
0.537
0.524
0.503
0.503
0.482
0.428
0.426
0.389
0.35
0.362
0.353
0.326
0.272
0.236
0.214
0.208
0.164
0.147
0.135
0.089
0.046
0.022
-0.001
-0.014
-0.045
-0.106
-0.107
-0.141
-0.157
-0.176
-0.2
-0.216
-0.238
-0.249
-0.248
-0.287
-0.314
-0.345
-0.35
-0.364
-0.377
-0.389
-0.412
-0.411
-0.405
-0.402
-0.395
-0.389
-0.385
-0.359
-0.343
-0.334
-0.332
-0.338
-0.346
-0.3
-0.28
-0.272
-0.251
-0.221
-0.196
-0.151
-0.141
-0.147
-0.098
-0.054
-0.046
-0.021
0.007
0.046
0.087
0.143
0.182
0.224
0.23
0.252
0.28
0.326
0.358
0.389
0.408
0.447
0.498
0.539
0.597
0.627
0.657
0.68
0.724
0.748
0.761
0.797
0.828
0.838
0.86
0.878
0.891
0.922
0.932
0.95
0.934
0.955
0.994
0.998
0.958
0.986
0.994
0.995
0.979
1.01
0.994
1.006
0.994
0.986
0.954
0.908
0.904
0.898
0.848
0.823
0.799
0.795
0.775
0.752
0.73
0.71
0.672
0.632
0.577
0.548
0.51
0.474
0.45
0.385
0.336
0.307
0.272
0.232
0.184
0.123
0.08
0.035
-0.006
-0.04
-0.085
-0.111
-0.143
-0.222
-0.255
-0.288
-0.35
-0.386
-0.411
-0.464
-0.502
-0.537
-0.569
-0.608
-0.616
-0.642
-0.671
-0.716
-0.726
-0.757
-0.775
-0.801
-0.809
-0.868
-0.862
-0.884
-0.901
-0.908
-0.92
-0.887
-0.899
-0.931
-0.915
-0.929
-0.913
-0.887
-0.882
-0.879
-0.872
-0.834
-0.824
-0.804
-0.823
-0.802
-0.774
-0.766
-0.726
-0.697
-0.68
-0.666
-0.624
-0.587
-0.554
-0.523
-0.494
-0.449
-0.438
-0.411
-0.347
-0.306
-0.273
-0.236
-0.194
-0.167
-0.143
-0.129
-0.099
-0.068
-0.048
-0.01
0.047
0.1
0.112
0.143
0.182
0.177
0.23
0.26
0.266
0.294
0.321
0.317
0.374
0.399
0.411
0.435
0.419
0.436
0.456
0.466
0.462
0.482
0.491
0.506
0.51
0.496
0.498
0.49
0.487
0.49
0.468
0.486
0.479
0.482
0.46
0.432
0.424
0.404
0.371
0.369
0.353
0.334
0.329
0.315
0.3
0.289
0.265
0.25
0.222
0.178
0.149
0.159
0.132
0.109
0.095
0.092
0.055
0.05
0.014
-0.014
-0.032
-0.053
-0.056
-0.071
-0.102
-0.125
-0.146
-0.141
-0.139
-0.151
-0.176
-0.187
-0.206
-0.204
-0.199
-0.205
-0.205
-0.204
-0.194
-0.191
-0.189
-0.206
-0.189
-0.173
-0.176
-0.146
-0.147
-0.163
-0.163
-0.127
-0.123
-0.083
-0.062
-0.045
-0.026
-0.022
0.007
0.038
0.048
0.101
0.133
0.143
0.154
0.163
0.206
0.228
0.26
0.29
0.323
0.359
0.374
0.39
0.424
0.47
0.491
0.498
0.543
0.553
0.582
0.621
0.645
0.666
0.7
0.708
0.732
0.774
0.78
0.797
0.808
0.805
0.822
0.851
0.858
0.893
0.912
0.906
0.915
0.904
0.926
0.904
0.898
0.9
0.897
0.903
0.893
0.868
0.855
0.856
0.864
0.839
0.822
0.778
0.765
0.744
0.72
0.694
0.666
0.654
0.64
0.608
0.563
0.528
0.494
0.446
0.41
0.367
0.339
0.311
0.268
0.222
0.196
0.155
0.112
0.091
0.039
0
-0.022
-0.078
-0.122
-0.169
-0.209
-0.261
-0.296
-0.329
-0.374
-0.352
-0.428
-0.472
-0.492
-0.536
-0.556
-0.604
-0.642
-0.683
-0.695
-0.698
-0.75
-0.762
-0.772
-0.774
-0.779
-0.809
-0.837
-0.868
-0.864
-0.866
-0.878
-0.866
-0.894
-0.911
-0.927
-0.883
-0.91
-0.9
-0.902
-0.889
-0.885
-0.866
-0.854
-0.83
-0.84
-0.829
-0.787
-0.757
-0.738
-0.743
-0.71
-0.689
-0.659
-0.646
-0.639
-0.599
-0.558
-0.563
-0.52
-0.494
-0.449
-0.418
-0.38
-0.378
-0.322
-0.284
-0.287
-0.249
-0.214
-0.178
-0.171
-0.123
-0.092
-0.075
-0.03
-0.005
-0.005
0.028
0.048
0.076
0.095
0.135
0.164
0.193
0.186
0.224
0.24
0.236
0.283
0.291
0.284
0.295
0.288
0.32
0.345
0.337
0.329
0.359
0.349
0.336
0.351
0.363
0.346
0.34
0.35
0.343
0.343
0.339
0.336
0.359
0.323
0.309
0.299
0.275
0.252
0.236
0.226
0.201
0.208
0.205
0.212
0.198
0.156
0.143
0.131
0.1
0.087
0.091
0.071
0.062
0.05
0.05
0.026
-0.006
-0.004
-0.012
-0.041
-0.054
-0.084
-0.072
-0.078
-0.089
-0.057
-0.048
-0.069
-0.11
-0.088
-0.088
-0.099
-0.123
-0.102
-0.096
-0.089
-0.101
-0.075
-0.062
-0.062
-0.081
-0.042
-0.042
-0.042
-0.034
-0.006
0.015
0.035
0.02
0.056
0.089
0.091
0.087
0.101
0.108
0.148
0.158
0.208
0.244
0.252
0.282
0.317
0.313
0.363
0.386
0.405
0.418
0.416
0.458
0.498
0.495
0.51
0.556
0.563
0.579
0.593
0.636
0.662
0.67
0.69
0.72
0.72
0.7
0.701
0.748
0.773
0.772
0.764
0.774
0.783
0.798
0.784
0.813
0.792
0.79
0.8
0.786
0.784
0.787
0.779
0.79
0.773
0.744
0.713
0.709
0.7
0.694
0.67
0.64
0.628
0.576
0.576
0.566
0.536
0.49
0.466
0.427
0.434
0.387
0.346
0.301
0.245
0.233
0.206
0.188
0.128
0.109
0.083
0.05
0.026
-0.017
-0.061
-0.075
-0.135
-0.186
-0.236
-0.243
-0.296
-0.326
-0.334
-0.388
-0.392
-0.436
-0.473
-0.508
-0.555
-0.59
-0.591
-0.622
-0.653
-0.68
-0.673
-0.697
-0.716
-0.728
-0.785
-0.775
-0.787
-0.834
-0.827
-0.833
-0.86
-0.849
-0.854
-0.85
-0.862
-0.864
-0.86
-0.866
-0.858
-0.854
-0.882
-0.866
-0.841
-0.824
-0.81
-0.817
-0.804
-0.8
-0.761
-0.756
-0.743
-0.724
-0.719
-0.709
-0.671
-0.652
-0.633
-0.626
-0.595
-0.557
-0.531
-0.523
-0.517
-0.486
-0.447
-0.417
-0.404
-0.365
-0.336
-0.311
-0.337
-0.277
-0.244
-0.243
-0.198
-0.177
-0.165
-0.133
-0.111
-0.097
-0.058
-0.006
-0.022
-0.013
0.03
0.025
0.055
0.062
0.088
0.135
0.136
0.141
0.165
0.182
0.172
0.171
0.188
0.184
0.19
0.218
0.232
0.236
0.237
0.229
0.228
0.242
0.256
0.216
0.21
0.216
0.225
0.232
0.22
0.205
0.232
0.228
0.225
0.202
0.2
0.205
0.185
0.18
0.184
0.176
0.133
0.129
0.132
0.121
0.097
0.087
0.079
0.089
0.065
0.046
0.048
0.053
0.057
0.047
0.055
0.041
0.037
0.053
0.041
0.022
0.01
-0.018
-0.018
-0.005
0.007
-0.008
-0.014
-0.005
0.018
0.03
0.042
0.034
0.033
0.024
0.035
0.042
0.075
0.063
0.072
0.079
0.103
0.115
0.111
0.115
0.139
0.152
0.158
0.158
0.205
0.236
0.262
0.283
0.293
0.297
0.322
0.338
0.347
0.377
0.37
0.387
0.418
0.45
0.455
0.442
0.478
0.507
0.526
0.538
0.554
0.563
0.603
0.613
0.639
0.637
0.622
0.627
0.637
0.643
0.672
0.673
0.673
0.678
0.692
0.689
0.708
0.696
0.71
0.68
0.668
0.69
0.708
0.706
0.684
0.666
0.693
0.68
0.637
0.629
0.636
0.601
0.576
0.555
0.563
0.553
0.522
0.498
0.472
0.45
0.44
0.412
0.405
0.371
0.331
0.296
0.288
0.26
0.236
0.18
0.144
0.123
0.095
0.067
0.057
0.03
0.002
-0.065
-0.081
-0.098
-0.147
-0.191
-0.217
-0.243
-0.276
-0.31
-0.353
-0.369
-0.393
-0.428
-0.423
-0.468
-0.475
-0.512
-0.558
-0.558
-0.557
-0.569
-0.585
-0.622
-0.666
-0.666
-0.68
-0.69
-0.707
-0.729
-0.748
-0.777
-0.775
-0.762
-0.754
-0.787
-0.789
-0.777
-0.774
-0.771
-0.786
-0.753
-0.751
-0.775
-0.777
-0.783
-0.755
-0.741
-0.744
-0.727
-0.7
-0.703
-0.689
-0.655
-0.648
-0.631
-0.644
-0.604
-0.57
-0.547
-0.547
-0.521
-0.503
-0.469
-0.454
-0.46
-0.421
-0.395
-0.402
-0.344
-0.304
-0.274
-0.239
-0.238
-0.203
-0.163
-0.155
-0.149
-0.137
-0.133
-0.091
-0.082
-0.058
-0.025
-0.022
-0.012
0.042
0.039
0.084
0.087
0.095
0.111
0.127
0.185
0.196
0.186
0.201
0.21
0.206
0.197
0.202
0.233
0.252
0.236
0.23
0.248
0.264
0.264
0.284
0.277
0.3
0.292
0.284
0.265
0.286
0.287
0.268
0.249
0.241
0.248
0.238
0.253
0.262
0.232
0.234
0.237
0.236
0.232
0.2
0.188
0.198
0.192
0.2
0.196
0.182
0.184
0.154
0.149
0.147
0.128
0.129
0.132
0.117
0.121
0.139
0.144
0.143
0.107
0.116
0.101
0.095
0.104
0.12
0.105
0.099
0.1
0.115
0.129
0.128
0.124
0.123
0.115
0.123
0.153
0.161
0.144
0.16
0.172
0.185
0.2
0.198
0.206
0.218
0.224
0.2
0.248
0.257
0.248
0.254
0.281
0.3
0.314
0.315
0.317
0.337
0.379
0.379
0.411
0.391
0.4
0.414
0.418
0.446
0.47
0.486
0.495
0.494
0.524
0.537
0.546
0.551
0.556
0.551
0.551
0.549
0.58
0.591
0.604
0.615
0.641
0.64
0.621
0.59
0.614
0.604
0.59
0.592
0.593
0.615
0.603
0.573
0.564
0.57
0.571
0.547
0.522
0.506
0.518
0.504
0.498
0.492
0.47
0.456
0.432
0.408
0.393
0.358
0.321
0.295
0.273
0.254
0.206
0.184
0.176
0.174
0.136
0.099
0.075
0.056
0.007
-0.022
-0.034
-0.05
-0.103
-0.139
-0.168
-0.161
-0.22
-0.246
-0.262
-0.279
-0.29
-0.345
-0.38
-0.393
-0.4
-0.435
-0.444
-0.446
-0.478
-0.548
-0.542
-0.552
-0.593
-0.62
-0.628
-0.641
-0.627
-0.645
-0.668
-0.681
-0.676
-0.698
-0.7
-0.705
-0.724
-0.715
-0.767
-0.78
-0.735
-0.747
-0.719
-0.755
-0.732
-0.749
-0.75
-0.757
-0.737
-0.724
-0.683
-0.705
-0.713
-0.659
-0.658
-0.604
-0.606
-0.649
-0.618
-0.591
-0.6
-0.551
-0.557
-0.554
-0.502
-0.483
-0.429
-0.411
-0.412
-0.414
-0.37
-0.351
-0.32
-0.298
-0.304
-0.274
-0.235
-0.221
-0.196
-0.151
-0.113
-0.129
-0.111
-0.1
-0.08
-0.041
-0.017
-0.01
-0.014
0.02
0.03
0.066
0.1
0.131
0.149
0.153
0.144
0.159
0.19
0.184
0.2
0.2
0.228
0.252
0.242
0.232
0.26
0.269
0.288
0.272
0.282
0.264
0.274
0.291
0.298
0.287
0.318
0.323
0.317
0.289
0.291
0.274
0.292
0.265
0.278
0.244
0.221
0.248
0.27
0.232
0.249
0.234
0.226
0.214
0.212
0.188
0.192
0.201
0.192
0.181
0.166
0.168
0.164
0.162
0.169
0.143
0.133
0.135
0.121
0.133
0.133
0.135
0.092
0.111
0.115
0.127
0.109
0.091
0.111
0.093
0.108
0.083
0.105
0.087
0.079
0.112
0.131
0.117
0.127
0.149
0.147
0.166
0.152
0.139
0.144
0.168
0.204
0.216
0.197
0.193
0.208
0.2
0.25
0.268
0.289
0.298
0.314
0.309
0.305
0.338
0.361
0.369
0.411
0.381
0.403
0.402
0.431
0.446
0.484
0.446
0.458
0.456
0.484
0.498
0.514
0.537
0.554
0.551
0.563
0.569
0.555
0.55
0.552
0.56
0.575
0.558
0.565
0.583
0.568
0.581
0.558
0.548
0.573
0.564
0.532
0.531
0.519
0.534
0.515
0.508
0.484
0.454
0.46
0.411
0.404
0.399
0.375
0.361
0.318
0.327
0.293
0.295
0.249
0.244
0.208
0.194
0.158
0.143
0.113
0.1
0.097
0.01
-0.002
-0.042
-0.052
-0.058
-0.134
-0.134
-0.143
-0.193
-0.198
-0.214
-0.232
-0.27
-0.291
-0.326
-0.363
-0.386
-0.422
-0.445
-0.439
-0.475
-0.491
-0.494
-0.512
-0.534
-0.564
-0.581
-0.604
-0.628
-0.633
-0.642
-0.632
-0.64
-0.662
-0.672
-0.652
-0.67
-0.68
-0.716
-0.724
-0.735
-0.735
-0.702
-0.704
-0.702
-0.678
-0.671
-0.663
-0.653
-0.652
-0.636
-0.628
-0.608
-0.604
-0.602
-0.584
-0.546
-0.555
-0.536
-0.514
-0.506
-0.482
-0.451
-0.436
-0.428
-0.384
-0.366
-0.352
-0.325
-0.313
-0.278
-0.259
-0.23
-0.225
-0.185
-0.157
-0.147
-0.131
-0.1
-0.081
-0.05
-0.03
-0.018
0.022
0.069
0.076
0.104
0.084
0.14
0.139
0.163
0.177
0.188
0.22
0.232
0.24
0.289
0.289
0.321
0.328
0.321
0.342
0.366
0.363
0.374
0.354
0.37
0.374
0.393
0.411
0.41
0.401
0.419
0.373
0.385
0.404
0.395
0.382
0.389
0.363
0.39
0.385
0.394
0.393
0.334
0.357
0.337
0.309
0.328
0.32
0.302
0.298
0.286
0.28
0.279
0.27
0.26
0.242
0.226
0.209
0.2
0.201
0.18
0.189
0.18
0.148
0.143
0.141
0.137
0.135
0.117
0.108
0.116
0.115
0.095
0.101
0.103
0.103
0.077
0.091
0.093
0.091
0.091
0.087
0.103
0.095
0.079
0.113
0.119
0.111
0.108
0.131
0.139
0.184
0.15
0.15
0.182
0.17
0.196
0.189
0.224
0.221
0.258
0.268
0.277
0.283
0.282
0.304
0.332
0.363
0.361
0.357
0.35
0.381
0.399
0.41
0.43
0.438
0.47
0.464
0.486
0.503
0.527
0.541
0.541
0.577
0.561
0.566
0.595
0.602
0.593
0.599
0.6
0.599
0.6
0.622
0.606
0.621
0.616
0.623
0.624
0.605
0.597
0.596
0.611
0.583
0.558
0.569
0.554
0.538
0.491
0.506
0.496
0.488
0.462
0.451
0.426
0.426
0.403
0.378
0.349
0.32
0.31
0.258
0.236
0.222
0.206
0.186
0.141
0.103
0.073
0.039
0.011
-0.002
-0.049
-0.04
-0.073
-0.085
-0.115
-0.151
-0.178
-0.192
-0.203
-0.251
-0.307
-0.366
-0.352
-0.388
-0.406
-0.407
-0.425
-0.416
-0.445
-0.499
-0.507
-0.518
-0.519
-0.536
-0.593
-0.583
-0.575
-0.612
-0.618
-0.601
-0.638
-0.616
-0.636
-0.68
-0.691
-0.661
-0.658
-0.665
-0.671
-0.638
-0.616
-0.634
-0.618
-0.592
-0.602
-0.566
-0.578
-0.568
-0.551
-0.58
-0.53
-0.525
-0.52
-0.457
-0.458
-0.404
-0.412
-0.385
-0.351
-0.322
-0.321
-0.294
-0.266
-0.241
-0.232
-0.201
-0.19
-0.139
-0.114
-0.087
-0.042
-0.032
-0.009
-0.002
0.019
0.068
0.109
0.145
0.139
0.153
0.192
0.224
0.232
0.236
0.262
0.295
0.32
0.357
0.349
0.338
0.374
0.414
0.442
0.427
0.427
0.44
0.474
0.476
0.475
0.483
0.476
0.47
0.482
0.494
0.482
0.48
0.495
0.482
0.49
0.474
0.482
0.474
0.472
0.482
0.459
0.428
0.43
0.407
0.415
0.41
0.373
0.37
0.37
0.365
0.362
0.327
0.312
0.304
0.272
0.276
0.254
0.252
0.27
0.26
0.225
0.213
0.22
0.192
0.18
0.166
0.139
0.116
0.109
0.096
0.088
0.068
0.052
0.046
0.036
0.054
0.031
0.046
0.047
0.02
0.014
0.022
0.011
0.019
0.004
0.007
0.01
0.018
-0.005
0.048
0.043
0.007
0.019
0.063
0.046
0.088
0.076
0.091
0.124
0.113
0.147
0.149
0.172
0.178
0.185
0.212
0.2
0.23
0.214
0.241
0.289
0.316
0.333
0.345
0.331
0.369
0.416
0.414
0.406
0.45
0.482
0.491
0.458
0.474
0.52
0.544
0.532
0.565
0.548
0.59
0.594
0.614
0.648
0.618
0.617
0.632
0.624
0.636
0.645
0.629
0.632
0.654
0.625
0.605
0.607
0.613
0.599
0.6
0.57
0.545
0.577
0.532
0.528
0.549
0.55
0.487
0.475
0.43
0.419
0.37
0.365
0.357
0.331
0.28
0.256
0.244
0.244
0.216
0.166
0.155
0.115
0.081
0.032
0.018
0.003
-0.037
-0.082
-0.107
-0.137
-0.143
-0.196
-0.227
-0.263
-0.276
-0.303
-0.332
-0.379
-0.39
-0.382
-0.404
-0.451
-0.479
-0.483
-0.497
-0.53
-0.578
-0.579
-0.624
-0.604
-0.6
-0.627
-0.662
-0.644
-0.659
-0.68
-0.654
-0.688
-0.696
-0.722
-0.69
-0.695
-0.703
-0.697
-0.68
-0.675
-0.652
-0.637
-0.641
-0.647
-0.636
-0.612
-0.595
-0.571
-0.597
-0.563
-0.52
-0.489
-0.489
-0.447
-0.435
-0.441
-0.412
-0.36
-0.344
-0.316
-0.298
-0.275
-0.258
-0.241
-0.177
-0.178
-0.105
-0.141
-0.117
-0.018
-0.022
-0.036
-0.001
0.048
0.072
0.108
0.147
0.144
0.173
0.2
0.242
0.26
0.278
0.286
0.292
0.31
0.341
0.359
0.361
0.366
0.412
0.385
0.498
0.403
0.45
0.385
0.446
0.482
0.455
0.426
0.443
0.434
0.474
0.415
0.397
0.458
0.44
0.411
0.46
0.486
0.408
0.431
0.371
0.416
0.365
0.337
0.345
0.308
0.281
0.321
0.319
0.286
0.224
0.22
0.222
0.19
0.137
0.174
0.107
0.123
0.131
0.064
0.103
0.044
0.034
0.007
-0.014
-0.032
-0.066
-0.083
-0.085
-0.08
-0.058
-0.058
-0.129
-0.147
-0.105
-0.158
-0.143
-0.176
-0.191
-0.185
-0.199
-0.163
-0.2
-0.189
-0.222
-0.206
-0.186
-0.211
-0.2
-0.191
-0.186
-0.153
-0.129
-0.137
-0.154
-0.119
-0.111
-0.105
-0.107
-0.086
-0.064
-0.033
-0.029
-0.028
0.03
0.01
0.018
0.059
0.066
0.085
0.103
0.111
0.147
0.181
0.185
0.217
0.246
0.257
0.27
0.282
0.305
0.338
0.359
0.367
0.397
0.416
0.434
0.416
0.444
0.468
0.434
0.458
0.46
0.498
0.52
0.534
0.522
0.51
0.503
0.507
0.54
0.534
0.522
0.51
0.508
0.512
0.49
0.494
0.479
0.458
0.434
0.43
0.411
0.424
0.39
0.361
0.365
0.371
0.285
0.324
0.232
0.311
0.153
0.135
0.253
0.066
0.127
0.151
0.115
0.065
-0.095
-0.198
0.006
-0.009
-0.146
-0.159
-0.299
0.015
-0.306
-0.366
-0.306
-0.349
-0.378
-0.385
-0.446
-0.454
-0.612
-0.589
-0.543
-0.666
-0.626
-0.529
-0.69
-0.752
-0.592
-0.784
-0.929
-0.684
-0.919
-0.79
-0.648
-0.778
-0.713
-0.825
-0.925
-0.704
-0.715
-0.962
-0.764
-0.745
-0.881
-0.756
-0.912
-0.713
-0.826
-0.685
-0.746
-0.758
-0.693
-0.783
-0.699
-0.797
-0.76
-0.634
-0.616
-0.573
-0.753
-0.48
-0.522
-0.435
-0.54
-0.629
-0.421
-0.373
-0.382
-0.373
-0.298
-0.359
-0.201
-0.233
-0.217
-0.13
-0.187
-0.239
-0.097
-0.154
-0.053
0.003
0.058
-0.021
0.052
0.136
0.123
0.147
0.117
0.139
0.194
0.268
0.224
0.301
0.338
0.275
0.314
0.303
0.35
0.288
0.398
0.419
0.389
0.339
0.397
0.385
0.389
0.393
0.386
0.427
0.393
0.381
0.363
0.345
0.414
0.331
0.382
0.402
0.361
0.285
0.268
0.261
0.282
0.268
0.214
0.24
0.163
0.172
0.242
0.168
0.123
0.197
0.108
0.087
0.081
0.007
0.003
0.002
-0.064
-0.123
-0.105
-0.113
-0.079
-0.135
-0.187
-0.226
-0.266
-0.184
-0.196
-0.273
-0.237
-0.305
-0.287
-0.309
-0.329
-0.329
-0.286
-0.357
-0.389
-0.342
-0.365
-0.375
-0.422
-0.371
-0.354
-0.443
-0.408
-0.363
-0.358
-0.363
-0.358
-0.369
-0.346
-0.274
-0.366
-0.324
-0.279
-0.279
-0.263
-0.256
-0.263
-0.253
-0.201
-0.181
-0.127
-0.163
-0.159
-0.122
-0.052
-0.042
-0.012
-0.04
0.045
0.051
0.095
0.075
0.049
0.161
0.238
0.246
0.237
0.228
0.218
0.277
0.288
0.32
0.329
0.363
0.351
0.423
0.466
0.456
0.446
0.447
0.467
0.484
0.522
0.466
0.464
0.502
0.527
0.547
0.557
0.494
0.515
0.518
0.466
0.49
0.51
0.486
0.502
0.436
0.454
0.442
0.438
0.419
0.418
0.381
0.349
0.359
0.315
0.29
0.256
0.242
0.242
0.194
0.172
0.123
0.093
0.085
0.035
0.034
-0.033
-0.032
-0.103
-0.122
-0.161
-0.181
-0.198
-0.286
-0.241
-0.291
-0.301
-0.372
-0.388
-0.42
-0.415
-0.466
-0.476
-0.555
-0.579
-0.604
-0.564
-0.575
-0.63
-0.725
-0.676
-0.724
-0.683
-0.718
-0.742
-0.785
-0.724
-0.747
-0.761
-0.723
-0.742
-0.75
-0.735
-0.747
-0.748
-0.765
-0.759
-0.691
-0.775
-0.686
-0.718
-0.718
-0.663
-0.649
-0.682
-0.62
-0.618
-0.569
-0.568
-0.495
-0.509
-0.472
-0.462
-0.39
-0.431
-0.408
-0.36
-0.311
-0.291
-0.261
-0.267
-0.19
-0.187
-0.106
-0.092
-0.045
-0.026
-0.014
0.03
0.067
0.107
0.101
0.218
0.154
0.193
0.226
0.217
0.266
0.317
0.307
0.327
0.331
0.389
0.398
0.422
0.422
0.478
0.487
0.498
0.478
0.507
0.491
0.486
0.527
0.458
0.479
0.506
0.518
0.528
0.534
0.498
0.526
0.502
0.526
0.488
0.464
0.447
0.424
0.446
0.423
0.389
0.345
0.326
0.292
0.264
0.27
0.246
0.188
0.2
0.16
0.149
0.135
0.088
0.055
0.072
0.03
-0.005
-0.065
-0.125
-0.122
-0.184
-0.192
-0.188
-0.199
-0.238
-0.246
-0.253
-0.316
-0.297
-0.31
-0.357
-0.345
-0.424
-0.418
-0.399
-0.439
-0.457
-0.48
-0.486
-0.489
-0.478
-0.501
-0.49
-0.492
-0.506
-0.495
-0.494
-0.436
-0.489
-0.492
-0.441
-0.46
-0.444
-0.442
-0.454
-0.4
-0.363
-0.405
-0.348
-0.363
-0.309
-0.294
-0.291
-0.216
-0.245
-0.236
-0.17
-0.118
-0.092
-0.083
-0.09
-0.004
0.02
0.033
0.029
0.032
0.046
0.159
0.162
0.177
0.216
0.204
0.252
0.302
0.287
0.341
0.365
0.359
0.389
0.442
0.456
0.456
0.491
0.506
0.541
0.498
0.51
0.55
0.563
0.546
0.547
0.531
0.583
0.563
0.588
0.59
0.562
0.572
0.542
0.58
0.57
0.527
0.518
0.503
0.527
0.502
0.482
0.416
0.44
0.442
0.395
0.373
0.305
0.325
0.311
0.268
0.246
0.22
0.196
0.135
0.151
0.104
0.087
0.018
0.018
-0.042
-0.036
-0.103
-0.137
-0.146
-0.158
-0.194
-0.234
-0.246
-0.283
-0.302
-0.34
-0.388
-0.364
-0.424
-0.463
-0.474
-0.51
-0.499
-0.54
-0.567
-0.568
-0.537
-0.601
-0.604
-0.624
-0.61
-0.636
-0.654
-0.635
-0.639
-0.624
-0.643
-0.637
-0.653
-0.606
-0.612
-0.651
-0.608
-0.601
-0.622
-0.589
-0.581
-0.508
-0.467
-0.489
-0.469
-0.43
-0.431
-0.406
-0.376
-0.34
-0.297
-0.292
-0.306
-0.231
-0.178
-0.183
-0.138
-0.111
-0.062
-0.036
-0.01
0.027
0.083
0.117
0.133
0.166
0.189
0.209
0.232
0.256
0.302
0.336
0.357
0.385
0.402
0.467
0.438
0.468
0.531
0.508
0.52
0.541
0.566
0.604
0.603
0.611
0.621
0.628
0.633
0.628
0.59
0.644
0.668
0.635
0.627
0.64
0.636
0.645
0.654
0.652
0.614
0.556
0.581
0.542
0.525
0.515
0.522
0.484
0.475
0.408
0.431
0.426
0.378
0.317
0.309
0.321
0.222
0.178
0.164
0.149
0.129
0.113
0.059
0.028
0.014
-0.048
-0.056
-0.091
-0.159
-0.167
-0.214
-0.221
-0.263
-0.271
-0.309
-0.356
-0.339
-0.362
-0.366
-0.459
-0.472
-0.494
-0.509
-0.513
-0.53
-0.542
-0.581
-0.597
-0.577
-0.574
-0.6
-0.584
-0.588
-0.553
-0.577
-0.583
-0.6
-0.583
-0.573
-0.567
-0.581
-0.564
-0.548
-0.508
-0.529
-0.467
-0.442
-0.441
-0.441
-0.436
-0.392
-0.359
-0.308
-0.322
-0.29
-0.235
-0.211
-0.177
-0.147
-0.123
-0.102
-0.084
-0.068
-0.045
0.01
0.01
0.071
0.091
0.113
0.156
0.189
0.226
0.274
0.276
0.272
0.322
0.321
0.371
0.375
0.408
0.435
0.45
0.47
0.475
0.51
0.523
0.538
0.531
0.545
0.551
0.565
0.567
0.57
0.583
0.591
0.596
0.589
0.582
0.584
0.549
0.52
0.532
0.515
0.506
0.47
0.474
0.475
0.476
0.436
0.42
0.389
0.362
0.317
0.314
0.274
0.27
0.22
0.19
0.19
0.169
0.136
0.097
0.069
0.035
-0.004
-0.046
-0.062
-0.071
-0.119
-0.168
-0.192
-0.185
-0.231
-0.281
-0.258
-0.284
-0.304
-0.36
-0.381
-0.374
-0.405
-0.42
-0.472
-0.49
-0.488
-0.514
-0.521
-0.537
-0.549
-0.538
-0.558
-0.568
-0.557
-0.571
-0.577
-0.577
-0.601
-0.585
-0.555
-0.526
-0.52
-0.512
-0.517
-0.524
-0.467
-0.478
-0.462
-0.432
-0.416
-0.402
-0.38
-0.347
-0.309
-0.283
-0.238
-0.227
-0.206
-0.182
-0.141
-0.087
-0.07
-0.049
-0.005
0.037
0.053
0.073
0.123
0.165
0.208
0.264
0.244
0.262
0.285
0.314
0.349
0.426
0.41
0.438
0.466
0.494
0.526
0.568
0.602
0.624
0.61
0.621
0.628
0.65
0.672
0.716
0.722
0.714
0.717
0.724
0.728
0.726
0.74
0.732
0.74
0.718
0.718
0.742
0.698
0.704
0.688
0.689
0.664
0.621
0.578
0.579
0.561
0.535
0.532
0.494
0.462
0.41
0.404
0.377
0.343
0.304
0.285
0.262
0.238
0.196
0.159
0.109
0.092
0.025
-0.005
-0.064
-0.081
-0.137
-0.135
-0.168
-0.187
-0.213
-0.268
-0.311
-0.344
-0.372
-0.404
-0.434
-0.476
-0.505
-0.525
-0.543
-0.558
-0.601
-0.612
-0.645
-0.673
-0.667
-0.672
-0.698
-0.743
-0.738
-0.703
-0.697
-0.711
-0.727
-0.741
-0.707
-0.7
-0.722
-0.711
-0.705
-0.711
-0.721
-0.705
-0.679
-0.656
-0.641
-0.649
-0.561
-0.535
-0.514
-0.493
-0.484
-0.449
-0.447
-0.43
-0.378
-0.354
-0.341
-0.325
-0.282
-0.233
-0.197
-0.173
-0.142
-0.11
-0.084
-0.045
-0.006
0.061
0.066
0.095
0.124
0.153
0.182
0.212
0.233
0.264
0.293
0.322
0.353
0.373
0.394
0.415
0.402
0.45
0.468
0.486
0.492
0.536
0.527
0.542
0.543
0.524
0.551
0.522
0.518
0.527
0.562
0.548
0.523
0.522
0.53
0.523
0.525
0.502
0.464
0.456
0.426
0.408
0.422
0.399
0.418
0.381
0.343
0.324
0.277
0.24
0.232
0.201
0.182
0.153
0.129
0.107
0.107
0.051
0.046
-0.006
-0.041
-0.078
-0.106
-0.107
-0.15
-0.183
-0.183
-0.22
-0.248
-0.286
-0.325
-0.338
-0.348
-0.334
-0.338
-0.4
-0.43
-0.418
-0.395
-0.414
-0.468
-0.451
-0.442
-0.473
-0.484
-0.473
-0.472
-0.473
-0.477
-0.494
-0.478
-0.448
-0.456
-0.431
-0.393
-0.39
-0.377
-0.345
-0.331
-0.316
-0.305
-0.296
-0.275
-0.262
-0.225
-0.202
-0.15
-0.123
-0.102
-0.079
-0.03
-0.014
0.026
0.038
0.079
0.111
0.162
0.189
0.238
0.256
0.307
0.308
0.345
0.355
0.381
0.412
0.442
0.48
0.51
0.555
0.566
0.584
0.624
0.664
0.672
0.694
0.718
0.734
0.75
0.762
0.783
0.788
0.782
0.785
0.805
0.799
0.777
0.789
0.818
0.823
0.808
0.82
0.803
0.787
0.768
0.752
0.736
0.732
0.696
0.677
0.66
0.64
0.584
0.577
0.543
0.524
0.507
0.496
0.443
0.385
0.355
0.331
0.296
0.26
0.196
0.143
0.143
0.096
0.026
0.024
-0.009
-0.033
-0.103
-0.117
-0.173
-0.242
-0.245
-0.286
-0.317
-0.362
-0.388
-0.444
-0.495
-0.507
-0.526
-0.564
-0.572
-0.653
-0.657
-0.679
-0.701
-0.72
-0.756
-0.768
-0.793
-0.794
-0.821
-0.84
-0.815
-0.834
-0.854
-0.879
-0.874
-0.852
-0.872
-0.852
-0.858
-0.841
-0.825
-0.826
-0.796
-0.808
-0.738
-0.755
-0.746
-0.729
-0.697
-0.687
-0.667
-0.627
-0.628
-0.61
-0.548
-0.526
-0.516
-0.514
-0.48
-0.421
-0.377
-0.326
-0.324
-0.277
-0.256
-0.211
-0.184
-0.123
-0.072
-0.075
-0.03
0.002
0.044
0.048
0.085
0.131
0.154
0.18
0.206
0.242
0.258
0.284
0.319
0.357
0.362
0.381
0.411
0.418
0.423
0.436
0.472
0.466
0.475
0.48
0.51
0.506
0.51
0.516
0.515
0.52
0.518
0.498
0.51
0.458
0.494
0.478
0.474
0.452
0.438
0.438
0.422
0.419
0.395
0.365
0.324
0.327
0.333
0.307
0.28
0.241
0.236
0.228
0.204
0.152
0.14
0.107
0.073
0.008
-0.002
-0.017
-0.03
-0.022
-0.069
-0.109
-0.088
-0.114
-0.131
-0.158
-0.19
-0.226
-0.236
-0.245
-0.266
-0.285
-0.288
-0.319
-0.312
-0.326
-0.342
-0.367
-0.392
-0.397
-0.353
-0.344
-0.342
-0.359
-0.345
-0.33
-0.297
-0.297
-0.298
-0.309
-0.302
-0.281
-0.275
-0.268
-0.25
-0.194
-0.151
-0.147
-0.155
-0.118
-0.074
-0.045
-0.034
-0.016
0.036
0.052
0.067
0.127
0.131
0.178
0.168
0.205
0.254
0.293
0.315
0.361
0.386
0.416
0.458
0.483
0.482
0.506
0.541
0.6
0.589
0.611
0.636
0.672
0.698
0.709
0.721
0.756
0.777
0.798
0.794
0.812
0.818
0.858
0.857
0.85
0.84
0.836
0.835
0.804
0.822
0.837
0.819
0.811
0.801
0.781
0.8
0.766
0.753
0.733
0.721
0.701
0.654
0.611
0.593
0.539
0.534
0.506
0.458
0.406
0.395
0.377
0.346
0.317
0.276
0.242
0.196
0.127
0.083
0.048
0.011
-0.04
-0.093
-0.135
-0.185
-0.211
-0.23
-0.294
-0.33
-0.368
-0.427
-0.447
-0.484
-0.507
-0.564
-0.592
-0.637
-0.626
-0.689
-0.737
-0.773
-0.773
-0.803
-0.841
-0.878
-0.898
-0.89
-0.907
-0.928
-0.929
-0.929
-0.954
-0.936
-0.96
-0.962
-0.972
-0.977
-1.001
-0.983
-0.975
-0.965
-0.956
-0.95
-0.919
-0.916
-0.906
-0.899
-0.852
-0.82
-0.815
-0.797
-0.76
-0.745
-0.707
-0.698
-0.656
-0.627
-0.624
-0.61
-0.555
-0.509
-0.48
-0.438
-0.415
-0.387
-0.353
-0.332
-0.291
-0.242
-0.204
-0.149
-0.162
-0.099
-0.069
-0.048
0.014
0.037
0.06
0.104
0.107
0.147
0.18
0.206
0.236
0.252
0.296
0.288
0.301
0.332
0.35
0.359
0.377
0.399
0.397
0.424
0.423
0.444
0.442
0.434
0.458
0.466
0.45
0.494
0.463
0.451
0.446
0.443
0.451
0.44
0.39
0.37
0.359
0.37
0.369
0.351
0.349
0.327
0.294
0.289
0.262
0.249
0.253
0.222
0.206
0.156
0.131
0.128
0.105
0.101
0.087
0.038
-0.025
-0.034
-0.024
-0.037
-0.048
-0.052
-0.075
-0.119
-0.142
-0.159
-0.149
-0.145
-0.169
-0.191
-0.194
-0.221
-0.224
-0.209
-0.234
-0.238
-0.243
-0.277
-0.248
-0.239
-0.269
-0.24
-0.212
-0.197
-0.188
-0.194
-0.204
-0.151
-0.157
-0.142
-0.122
-0.086
-0.071
-0.078
-0.022
0.011
0.014
0.004
0.036
0.083
0.103
0.113
0.14
0.168
0.188
0.248
0.282
0.304
0.313
0.349
0.393
0.412
0.434
0.466
0.498
0.52
0.537
0.581
0.614
0.637
0.652
0.684
0.701
0.7
0.738
0.756
0.761
0.777
0.792
0.833
0.848
0.833
0.821
0.857
0.861
0.854
0.855
0.875
0.835
0.83
0.846
0.838
0.86
0.836
0.838
0.831
0.816
0.794
0.764
0.744
0.716
0.704
0.692
0.66
0.625
0.594
0.569
0.537
0.499
0.46
0.426
0.391
0.34
0.323
0.308
0.261
0.218
0.176
0.123
0.057
0.014
-0.021
-0.044
-0.111
-0.15
-0.198
-0.214
-0.276
-0.305
-0.35
-0.379
-0.429
-0.456
-0.514
-0.553
-0.6
-0.612
-0.634
-0.659
-0.718
-0.756
-0.784
-0.792
-0.826
-0.843
-0.856
-0.893
-0.916
-0.935
-0.947
-0.958
-0.949
-0.97
-0.96
-0.983
-1
-0.992
-0.978
-0.995
-1.002
-0.98
-1.001
-1.002
-0.982
-0.975
-0.964
-0.944
-0.929
-0.907
-0.878
-0.87
-0.87
-0.85
-0.835
-0.825
-0.777
-0.743
-0.73
-0.7
-0.673
-0.622
-0.571
-0.566
-0.545
-0.502
-0.48
-0.445
-0.433
-0.398
-0.33
-0.273
-0.23
-0.208
-0.186
-0.155
-0.13
-0.069
-0.068
-0.038
-0.028
0.01
0.056
0.077
0.093
0.131
0.19
0.209
0.224
0.272
0.258
0.288
0.314
0.341
0.359
0.361
0.35
0.385
0.391
0.389
0.418
0.418
0.434
0.426
0.447
0.434
0.415
0.412
0.415
0.41
0.419
0.414
0.418
0.443
0.422
0.399
0.405
0.383
0.366
0.339
0.308
0.306
0.298
0.291
0.291
0.245
0.245
0.244
0.226
0.214
0.205
0.182
0.135
0.127
0.121
0.119
0.072
0.055
0.05
0.023
0.036
0.014
-0.001
0.022
0.006
-0.006
-0.029
-0.058
-0.071
-0.072
-0.062
-0.075
-0.071
-0.062
-0.049
-0.074
-0.054
-0.054
-0.079
-0.067
-0.058
-0.05
-0.039
-0.024
-0.023
0.037
0.066
0.058
0.059
0.065
0.095
0.09
0.107
0.128
0.15
0.182
0.192
0.205
0.246
0.278
0.301
0.332
0.337
0.375
0.383
0.421
0.44
0.466
0.483
0.532
0.525
0.557
0.578
0.604
0.622
0.66
0.68
0.688
0.699
0.703
0.744
0.752
0.774
0.812
0.843
0.832
0.863
0.9
0.881
0.905
0.92
0.908
0.874
0.898
0.9
0.929
0.923
0.903
0.894
0.886
0.9
0.889
0.89
0.864
0.833
0.833
0.821
0.811
0.759
0.728
0.708
0.692
0.674
0.656
0.596
0.567
0.576
0.52
0.475
0.442
0.411
0.368
0.312
0.287
0.272
0.224
0.183
0.153
0.13
0.046
-0.007
-0.07
-0.106
-0.159
-0.189
-0.216
-0.228
-0.252
-0.311
-0.348
-0.395
-0.418
-0.476
-0.513
-0.551
-0.61
-0.643
-0.687
-0.693
-0.713
-0.724
-0.755
-0.805
-0.838
-0.853
-0.855
-0.886
-0.929
-0.914
-0.941
-0.986
-0.998
-1.014
-0.996
-1.005
-1.03
-1.036
-1.045
-0.99
-0.992
-1.013
-1.009
-0.998
-0.985
-0.978
-0.96
-0.968
-0.98
-0.94
-0.918
-0.894
-0.901
-0.883
-0.857
-0.82
-0.795
-0.761
-0.75
-0.71
-0.68
-0.635
-0.616
-0.592
-0.597
-0.555
-0.518
-0.496
-0.437
-0.417
-0.407
-0.37
-0.334
-0.283
-0.243
-0.223
-0.194
-0.181
-0.117
-0.1
-0.051
-0.027
0.007
0.027
0.031
0.035
0.075
0.089
0.107
0.137
0.171
0.189
0.235
0.239
0.27
0.27
0.28
0.281
0.254
0.297
0.323
0.334
0.297
0.307
0.33
0.342
0.347
0.348
0.34
0.307
0.315
0.327
0.333
0.337
0.318
0.345
0.336
0.289
0.304
0.267
0.288
0.272
0.247
0.243
0.185
0.219
0.202
0.204
0.204
0.145
0.153
0.124
0.152
0.116
0.135
0.059
0.123
0.03
0.057
0.048
0.009
0.021
-0.01
-0.007
-0.004
-0.018
-0.021
-0.004
0.012
-0.009
-0.03
-0.051
-0.022
-0.059
-0.002
-0.012
-0.005
-0.02
0.027
-0.007
0.014
-0.016
0.045
0.029
0.039
0.076
0.056
0.077
0.118
0.15
0.159
0.183
0.182
0.165
0.228
0.204
0.234
0.263
0.282
0.36
0.354
0.385
0.401
0.387
0.435
0.45
0.516
0.502
0.523
0.564
0.596
0.611
0.657
0.694
0.712
0.672
0.749
0.75
0.755
0.746
0.766
0.835
0.857
0.838
0.845
0.851
0.84
0.886
0.875
0.905
0.893
0.913
0.871
0.89
0.915
0.906
0.884
0.852
0.842
0.877
0.849
0.855
0.833
0.813
0.783
0.772
0.752
0.754
0.693
0.687
0.695
0.636
0.596
0.561
0.548
0.501
0.504
0.464
0.426
0.383
0.343
0.325
0.28
0.22
0.184
0.17
0.096
0.067
0.03
-0.015
-0.041
-0.016
-0.117
-0.173
-0.201
-0.248
-0.269
-0.31
-0.357
-0.398
-0.424
-0.471
-0.466
-0.54
-0.574
-0.629
-0.657
-0.666
-0.709
-0.751
-0.767
-0.785
-0.794
-0.823
-0.837
-0.885
-0.892
-0.913
-0.941
-0.94
-0.982
-0.984
-1.007
-0.988
-1.013
-0.997
-1.039
-1.05
-1.023
-1.012
-1.049
-1.055
-1.016
-0.996
-1.01
-1
-0.971
-0.972
-0.945
-0.953
-0.889
-0.912
-0.896
-0.87
-0.854
-0.824
-0.777
-0.792
-0.777
-0.762
-0.727
-0.696
-0.66
-0.637
-0.616
-0.586
-0.56
-0.493
-0.466
-0.445
-0.413
-0.414
-0.383
-0.314
-0.35
-0.274
-0.244
-0.226
-0.181
-0.153
-0.132
-0.095
-0.093
-0.05
-0.012
-0.015
0.024
0.049
0.032
0.094
0.134
0.152
0.16
0.139
0.179
0.199
0.2
0.212
0.234
0.243
0.259
0.262
0.289
0.311
0.284
0.281
0.297
0.299
0.32
0.264
0.3
0.307
0.302
0.311
0.286
0.306
0.306
0.288
0.26
0.28
0.241
0.268
0.233
0.221
0.225
0.214
0.206
0.214
0.203
0.181
0.162
0.145
0.161
0.163
0.135
0.138
0.111
0.096
0.111
0.095
0.074
0.065
0.064
0.069
0.066
0.059
0.05
0.046
0.054
0.067
0.043
0.058
0.047
0.033
0.072
0.084
0.07
0.073
0.06
0.068
0.091
0.072
0.119
0.116
0.104
0.15
0.181
0.159
0.172
0.213
0.213
0.234
0.223
0.248
0.241
0.269
0.314
0.35
0.363
0.369
0.398
0.427
0.445
0.443
0.486
0.494
0.526
0.548
0.55
0.574
0.609
0.613
0.667
0.681
0.669
0.653
0.674
0.712
0.702
0.737
0.742
0.776
0.764
0.785
0.794
0.796
0.794
0.799
0.84
0.836
0.837
0.822
0.843
0.851
0.821
0.81
0.812
0.805
0.806
0.81
0.803
0.77
0.753
0.736
0.719
0.7
0.678
0.66
0.642
0.635
0.609
0.592
0.572
0.531
0.48
0.458
0.419
0.402
0.358
0.348
0.342
0.296
0.243
0.218
0.176
0.127
0.086
0.058
0.037
-0.01
-0.031
-0.066
-0.087
-0.137
-0.173
-0.224
-0.26
-0.287
-0.34
-0.376
-0.396
-0.421
-0.464
-0.505
-0.524
-0.572
-0.603
-0.637
-0.663
-0.694
-0.728
-0.726
-0.756
-0.781
-0.799
-0.826
-0.837
-0.859
-0.888
-0.894
-0.899
-0.931
-0.938
-0.931
-0.927
-0.94
-0.937
-0.93
-0.941
-0.929
-0.95
-0.96
-0.981
-0.948
-0.928
-0.917
-0.916
-0.908
-0.909
-0.871
-0.874
-0.855
-0.849
-0.801
-0.803
-0.776
-0.768
-0.754
-0.704
-0.662
-0.657
-0.643
-0.626
-0.579
-0.551
-0.554
-0.493
-0.493
-0.464
-0.409
-0.385
-0.356
-0.339
-0.311
-0.282
-0.239
-0.198
-0.191
-0.163
-0.153
-0.112
-0.085
-0.073
-0.022
0.007
0.016
0.042
0.07
0.111
0.13
0.126
0.156
0.195
0.192
0.232
0.219
0.248
0.267
0.268
0.276
0.296
0.285
0.297
0.325
0.35
0.333
0.35
0.328
0.36
0.34
0.371
0.355
0.367
0.378
0.369
0.355
0.377
0.37
0.363
0.342
0.33
0.347
0.325
0.318
0.346
0.337
0.337
0.311
0.289
0.289
0.278
0.25
0.261
0.259
0.235
0.218
0.222
0.239
0.253
0.211
0.207
0.175
0.192
0.193
0.187
0.165
0.174
0.166
0.18
0.172
0.16
0.174
0.155
0.162
0.179
0.189
0.176
0.175
0.164
0.183
0.187
0.191
0.185
0.183
0.193
0.213
0.211
0.234
0.265
0.266
0.291
0.273
0.281
0.31
0.346
0.367
0.363
0.379
0.382
0.405
0.436
0.44
0.459
0.437
0.463
0.484
0.494
0.517
0.541
0.585
0.613
0.652
0.664
0.681
0.662
0.699
0.706
0.709
0.724
0.732
0.742
0.761
0.766
0.777
0.796
0.814
0.819
0.809
0.811
0.831
0.836
0.85
0.86
0.85
0.83
0.822
0.822
0.824
0.813
0.796
0.811
0.794
0.789
0.775
0.758
0.747
0.728
0.732
0.717
0.708
0.653
0.638
0.584
0.595
0.556
0.519
0.527
0.482
0.439
0.419
0.377
0.375
0.35
0.303
0.278
0.23
0.175
0.158
0.139
0.139
0.058
0.026
0.008
-0.033
-0.093
-0.108
-0.14
-0.188
-0.225
-0.26
-0.29
-0.288
-0.346
-0.392
-0.431
-0.446
-0.492
-0.542
-0.582
-0.579
-0.611
-0.631
-0.638
-0.672
-0.68
-0.706
-0.743
-0.732
-0.782
-0.798
-0.816
-0.863
-0.86
-0.858
-0.88
-0.877
-0.877
-0.841
-0.843
-0.855
-0.872
-0.86
-0.875
-0.915
-0.891
-0.867
-0.873
-0.868
-0.862
-0.841
-0.804
-0.81
-0.775
-0.762
-0.746
-0.761
-0.73
-0.713
-0.676
-0.647
-0.591
-0.557
-0.54
-0.53
-0.514
-0.484
-0.463
-0.439
-0.434
-0.414
-0.362
-0.318
-0.288
-0.259
-0.222
-0.178
-0.167
-0.141
-0.102
-0.072
-0.07
-0.053
-0.022
0.01
0.023
0.053
0.083
0.119
0.131
0.167
0.215
0.244
0.256
0.278
0.277
0.275
0.282
0.3
0.349
0.383
0.372
0.367
0.391
0.426
0.462
0.467
0.454
0.435
0.431
0.41
0.434
0.464
0.471
0.466
0.475
0.463
0.44
0.456
0.457
0.481
0.471
0.437
0.418
0.421
0.434
0.451
0.443
0.432
0.414
0.398
0.377
0.374
0.346
0.347
0.333
0.306
0.321
0.293
0.298
0.307
0.29
0.304
0.285
0.27
0.257
0.25
0.23
0.204
0.172
0.177
0.178
0.181
0.164
0.18
0.189
0.201
0.186
0.186
0.175
0.152
0.166
0.162
0.15
0.163
0.154
0.165
0.201
0.195
0.163
0.187
0.18
0.211
0.236
0.229
0.24
0.257
0.271
0.3
0.326
0.303
0.327
0.319
0.339
0.361
0.393
0.393
0.418
0.447
0.439
0.432
0.459
0.497
0.532
0.555
0.554
0.564
0.617
0.607
0.63
0.654
0.625
0.626
0.674
0.667
0.697
0.727
0.731
0.781
0.77
0.749
0.794
0.799
0.766
0.786
0.773
0.808
0.793
0.791
0.807
0.794
0.769
0.779
0.777
0.774
0.777
0.743
0.732
0.719
0.702
0.689
0.688
0.669
0.644
0.61
0.6
0.584
0.55
0.536
0.507
0.489
0.464
0.427
0.387
0.357
0.355
0.345
0.302
0.247
0.202
0.183
0.128
0.099
0.078
0.037
-0.02
-0.054
-0.076
-0.082
-0.136
-0.169
-0.193
-0.232
-0.276
-0.278
-0.333
-0.348
-0.391
-0.427
-0.455
-0.494
-0.526
-0.545
-0.566
-0.598
-0.626
-0.649
-0.681
-0.716
-0.725
-0.709
-0.713
-0.759
-0.792
-0.781
-0.805
-0.815
-0.822
-0.794
-0.824
-0.842
-0.873
-0.852
-0.846
-0.848
-0.846
-0.822
-0.792
-0.798
-0.808
-0.795
-0.784
-0.775
-0.747
-0.735
-0.707
-0.742
-0.708
-0.666
-0.629
-0.626
-0.594
-0.564
-0.517
-0.506
-0.489
-0.463
-0.42
-0.382
-0.356
-0.345
-0.334
-0.295
-0.264
-0.257
-0.218
-0.159
-0.141
-0.111
-0.061
-0.02
0.003
0.033
0.061
0.109
0.134
0.147
0.173
0.202
0.244
0.269
0.292
0.3
0.329
0.353
0.37
0.388
0.418
0.439
0.466
0.465
0.501
0.524
0.525
0.526
0.546
0.568
0.553
0.546
0.572
0.562
0.556
0.574
0.585
0.585
0.578
0.585
0.582
0.597
0.592
0.574
0.549
0.55
0.549
0.545
0.531
0.516
0.504
0.49
0.479
0.452
0.466
0.45
0.426
0.414
0.407
0.389
0.374
0.363
0.349
0.339
0.271
0.297
0.278
0.229
0.255
0.232
0.231
0.209
0.177
0.183
0.151
0.141
0.136
0.13
0.154
0.149
0.126
0.112
0.133
0.095
0.092
0.063
0.063
0.073
0.097
0.055
0.098
0.086
0.105
0.119
0.127
0.13
0.13
0.144
0.145
0.15
0.171
0.182
0.199
0.237
0.236
0.256
0.25
0.269
0.292
0.324
0.317
0.344
0.372
0.393
0.431
0.465
0.475
0.509
0.508
0.511
0.539
0.545
0.575
0.58
0.623
0.672
0.647
0.661
0.683
0.736
0.754
0.752
0.756
0.753
0.777
0.793
0.831
0.823
0.862
0.857
0.849
0.848
0.868
0.866
0.837
0.876
0.854
0.842
0.822
0.84
0.824
0.852
0.848
0.823
0.795
0.809
0.786
0.764
0.704
0.698
0.67
0.659
0.613
0.606
0.556
0.57
0.582
0.555
0.511
0.462
0.433
0.409
0.384
0.359
0.28
0.254
0.238
0.226
0.164
0.123
0.092
0.071
0.036
0.02
-0.043
-0.092
-0.108
-0.149
-0.175
-0.191
-0.208
-0.245
-0.265
-0.31
-0.342
-0.38
-0.404
-0.46
-0.443
-0.504
-0.531
-0.538
-0.58
-0.571
-0.584
-0.588
-0.588
-0.623
-0.626
-0.635
-0.635
-0.695
-0.703
-0.696
-0.679
-0.643
-0.684
-0.692
-0.668
-0.617
-0.576
-0.586
-0.619
-0.585
-0.617
-0.6
-0.58
-0.543
-0.509
-0.505
-0.465
-0.412
-0.388
-0.405
-0.375
-0.324
-0.336
-0.324
-0.273
-0.227
-0.235
-0.167
-0.109
-0.036
-0.053
-0.036
0.037
0.094
0.124
0.133
0.17
0.206
0.246
0.24
0.307
0.319
0.372
0.424
0.493
0.525
0.58
0.568
0.6
0.605
0.665
0.681
0.701
0.71
0.779
0.822
0.813
0.858
0.891
0.926
0.876
0.928
0.897
0.901
0.924
0.89
0.971
0.999
0.984
0.999
1.02
0.982
1.002
0.936
0.931
0.953
0.937
0.923
0.941
0.987
0.931
0.953
0.96
0.916
0.862
0.83
0.83
0.818
0.805
0.749
0.716
0.704
0.694
0.732
0.657
0.63
0.568
0.611
0.564
0.537
0.53
0.448
0.467
0.432
0.436
0.387
0.362
0.387
0.409
0.342
0.325
0.287
0.214
0.23
0.189
0.218
0.23
0.207
0.198
0.202
0.24
0.147
0.161
0.151
0.193
0.247
0.127
0.182
0.208
0.202
0.197
0.209
0.19
0.189
0.311
0.256
0.233
0.238
0.299
0.329
0.347
0.317
0.346
0.395
0.403
0.431
0.474
0.462
0.429
0.494
0.528
0.565
0.502
0.52
0.584
0.592
0.616
0.701
0.716
0.707
0.751
0.805
0.825
0.734
0.688
0.836
0.887
0.914
0.875
0.884
0.969
0.955
0.99
0.996
0.987
0.959
0.948
1.033
1.047
0.997
0.981
1.027
1.054
1.039
1.026
0.965
1.013
0.969
0.994
0.969
0.968
0.908
0.894
0.904
0.891
0.877
0.834
0.859
0.83
0.79
0.761
0.733
0.734
0.679
0.681
0.633
0.594
0.577
0.548
0.523
0.481
0.417
0.406
0.385
0.306
0.256
0.235
0.194
0.169
0.131
0.086
0.024
0.018
-0.014
-0.042
-0.097
-0.124
-0.196
-0.233
-0.264
-0.229
-0.309
-0.305
-0.33
-0.414
-0.428
-0.474
-0.482
-0.497
-0.481
-0.534
-0.581
-0.546
-0.588
-0.576
-0.604
-0.595
-0.606
-0.654
-0.666
-0.64
-0.612
-0.605
-0.623
-0.619
-0.595
-0.595
-0.595
-0.564
-0.526
-0.525
-0.531
-0.513
-0.473
-0.422
-0.394
-0.396
-0.366
-0.337
-0.315
-0.301
-0.263
-0.232
-0.19
-0.118
-0.108
-0.061
-0.051
-0.033
0.014
0.062
0.099
0.138
0.131
0.206
0.231
0.267
0.307
0.343
0.378
0.41
0.463
0.498
0.513
0.538
0.582
0.612
0.637
0.672
0.697
0.698
0.726
0.798
0.79
0.815
0.794
0.836
0.837
0.88
0.869
0.864
0.884
0.9
0.903
0.888
0.913
0.877
0.875
0.898
0.908
0.893
0.866
0.846
0.834
0.834
0.816
0.838
0.82
0.744
0.744
0.712
0.731
0.673
0.669
0.613
0.596
0.552
0.538
0.544
0.491
0.467
0.403
0.443
0.386
0.347
0.3
0.298
0.225
0.222
0.179
0.203
0.135
0.078
0.032
0.057
-0.018
0.001
-0.034
-0.065
-0.089
-0.128
-0.169
-0.167
-0.233
-0.224
-0.188
-0.201
-0.31
-0.274
-0.283
-0.306
-0.278
-0.333
-0.296
-0.301
-0.309
-0.319
-0.357
-0.338
-0.337
-0.266
-0.294
-0.317
-0.284
-0.247
-0.216
-0.263
-0.181
-0.159
-0.175
-0.172
-0.196
-0.075
-0.065
0.002
-0.037
-0.013
0.022
0.069
0.082
0.098
0.14
0.185
0.2
0.23
0.257
0.297
0.327
0.362
0.421
0.431
0.46
0.466
0.488
0.549
0.564
0.558
0.613
0.618
0.668
0.674
0.679
0.71
0.725
0.736
0.765
0.768
0.751
0.807
0.762
0.823
0.846
0.807
0.825
0.811
0.783
0.815
0.821
0.772
0.785
0.758
0.763
0.761
0.711
0.682
0.686
0.707
0.628
0.627
0.615
0.58
0.571
0.536
0.519
0.45
0.447
0.405
0.352
0.345
0.296
0.245
0.222
0.193
0.148
0.148
0.087
0.043
0.014
-0.038
-0.033
-0.106
-0.17
-0.156
-0.17
-0.219
-0.288
-0.333
-0.377
-0.381
-0.37
-0.4
-0.455
-0.487
-0.453
-0.496
-0.542
-0.596
-0.616
-0.596
-0.568
-0.653
-0.653
-0.687
-0.682
-0.674
-0.668
-0.669
-0.715
-0.714
-0.701
-0.659
-0.66
-0.637
-0.609
-0.646
-0.616
-0.597
-0.586
-0.573
-0.561
-0.513
-0.501
-0.487
-0.429
-0.396
-0.349
-0.371
-0.305
-0.266
-0.229
-0.234
-0.184
-0.124
-0.075
-0.062
-0.035
0.056
0.07
0.129
0.129
0.161
0.229
0.246
0.341
0.366
0.41
0.418
0.471
0.498
0.511
0.574
0.572
0.633
0.65
0.691
0.701
0.77
0.796
0.8
0.84
0.844
0.851
0.872
0.877
0.912
0.974
0.932
0.927
0.976
0.952
0.934
1.004
0.96
0.972
0.935
0.945
0.94
0.94
0.904
0.949
0.891
0.885
0.801
0.797
0.794
0.769
0.743
0.734
0.69
0.67
0.605
0.603
0.558
0.531
0.518
0.487
0.42
0.391
0.342
0.33
0.311
0.256
0.191
0.144
0.084
0.062
0.046
0.009
-0.033
-0.069
-0.126
-0.166
-0.188
-0.233
-0.268
-0.317
-0.33
-0.35
-0.398
-0.445
-0.479
-0.499
-0.501
-0.521
-0.532
-0.58
-0.603
-0.588
-0.597
-0.607
-0.619
-0.613
-0.619
-0.632
-0.632
-0.636
-0.627
-0.599
-0.626
-0.585
-0.586
-0.588
-0.561
-0.56
-0.52
-0.523
-0.487
-0.487
-0.445
-0.429
-0.36
-0.347
-0.327
-0.309
-0.284
-0.249
-0.219
-0.188
-0.148
-0.111
-0.067
-0.024
0.024
0.032
0.065
0.107
0.165
0.201
0.232
0.266
0.29
0.331
0.355
0.419
0.444
0.491
0.467
0.497
0.531
0.535
0.569
0.638
0.63
0.678
0.694
0.708
0.727
0.707
0.74
0.746
0.735
0.738
0.748
0.752
0.778
0.802
0.777
0.77
0.741
0.722
0.717
0.694
0.674
0.664
0.663
0.656
0.654
0.633
0.615
0.571
0.563
0.495
0.443
0.424
0.413
0.372
0.379
0.322
0.315
0.275
0.219
0.205
0.179
0.132
0.07
0.047
0.027
0.001
-0.029
-0.062
-0.093
-0.146
-0.172
-0.222
-0.241
-0.283
-0.316
-0.347
-0.373
-0.361
-0.399
-0.425
-0.434
-0.477
-0.49
-0.506
-0.535
-0.509
-0.54
-0.559
-0.559
-0.574
-0.572
-0.566
-0.611
-0.592
-0.587
-0.605
-0.564
-0.54
-0.519
-0.514
-0.499
-0.506
-0.468
-0.463
-0.459
-0.424
-0.42
-0.383
-0.332
-0.312
-0.284
-0.244
-0.225
-0.173
-0.167
-0.121
-0.092
-0.039
-0.018
0.031
0.061
0.119
0.165
0.198
0.226
0.255
0.309
0.352
0.379
0.435
0.468
0.51
0.53
0.615
0.653
0.653
0.674
0.693
0.732
0.755
0.782
0.809
0.857
0.858
0.871
0.919
0.916
0.915
0.925
0.959
0.961
0.979
0.974
0.979
0.987
0.958
0.971
0.981
0.961
0.934
0.945
0.951
0.916
0.916
0.901
0.871
0.848
0.807
0.752
0.744
0.716
0.696
0.662
0.634
0.598
0.572
0.519
0.485
0.444
0.38
0.33
0.311
0.262
0.215
0.174
0.136
0.092
0.043
-0.01
-0.062
-0.094
-0.131
-0.174
-0.228
-0.255
-0.285
-0.347
-0.407
-0.448
-0.483
-0.519
-0.552
-0.574
-0.596
-0.635
-0.684
-0.693
-0.742
-0.752
-0.784
-0.844
-0.843
-0.835
-0.87
-0.848
-0.838
-0.838
-0.858
-0.853
-0.854
-0.839
-0.875
-0.895
-0.84
-0.818
-0.806
-0.784
-0.758
-0.735
-0.703
-0.669
-0.675
-0.646
-0.628
-0.618
-0.587
-0.559
-0.518
-0.46
-0.436
-0.402
-0.353
-0.312
-0.275
-0.259
-0.239
-0.192
-0.142
-0.108
-0.067
-0.021
0.023
0.051
0.1
0.13
0.16
0.199
0.237
0.27
0.303
0.347
0.364
0.416
0.441
0.479
0.504
0.525
0.555
0.589
0.6
0.635
0.64
0.673
0.666
0.689
0.699
0.709
0.713
0.714
0.734
0.739
0.736
0.737
0.724
0.711
0.727
0.707
0.673
0.671
0.656
0.649
0.662
0.632
0.632
0.612
0.574
0.541
0.503
0.484
0.447
0.444
0.403
0.374
0.339
0.341
0.324
0.307
0.262
0.198
0.168
0.098
0.072
0.07
0.029
0.015
-0.037
-0.069
-0.101
-0.114
-0.18
-0.186
-0.219
-0.267
-0.254
-0.261
-0.288
-0.311
-0.335
-0.384
-0.405
-0.407
-0.436
-0.429
-0.444
-0.467
-0.437
-0.424
-0.442
-0.493
-0.448
-0.471
-0.467
-0.466
-0.458
-0.407
-0.408
-0.421
-0.361
-0.339
-0.377
-0.376
-0.299
-0.312
-0.278
-0.237
-0.205
-0.176
-0.128
-0.094
-0.092
-0.051
-0.044
-0.007
0.028
0.042
0.128
0.16
0.182
0.287
0.283
0.311
0.302
0.413
0.447
0.473
0.505
0.503
0.591
0.643
0.705
0.71
0.734
0.746
0.785
0.813
0.814
0.862
0.88
0.945
0.98
0.98
1.021
0.941
1.029
1.041
1.099
1.017
1.013
1.041
1.068
1.039
1.032
1.062
1.05
1.018
0.986
1.07
0.981
0.915
0.974
0.96
0.95
0.874
0.843
0.841
0.786
0.751
0.793
0.706
0.629
0.618
0.596
0.561
0.517
0.441
0.428
0.368
0.366
0.277
0.24
0.209
0.159
0.131
0.105
-0.017
-0.062
-0.116
-0.134
-0.186
-0.235
-0.262
-0.336
-0.365
-0.378
-0.43
-0.484
-0.544
-0.55
-0.602
-0.625
-0.693
-0.72
-0.705
-0.763
-0.792
-0.811
-0.846
-0.877
-0.894
-0.883
-0.919
-0.92
-0.929
-0.923
-0.942
-0.948
-0.988
-0.966
-0.931
-0.968
-0.977
-0.945
-0.917
-0.917
-0.893
-0.883
-0.86
-0.872
-0.844
-0.808
-0.783
-0.769
-0.738
-0.688
-0.631
-0.584
-0.581
-0.552
-0.527
-0.501
-0.469
-0.438
-0.393
-0.342
-0.323
-0.242
-0.2
-0.189
-0.159
-0.079
-0.025
-0.014
0.015
0.033
0.089
0.145
0.186
0.228
0.256
0.329
0.316
0.352
0.373
0.423
0.441
0.446
0.491
0.509
0.542
0.546
0.555
0.637
0.659
0.637
0.639
0.668
0.681
0.668
0.656
0.665
0.683
0.666
0.673
0.691
0.676
0.663
0.665
0.686
0.663
0.639
0.598
0.574
0.602
0.544
0.526
0.516
0.5
0.469
0.483
0.425
0.408
0.387
0.343
0.337
0.269
0.266
0.217
0.186
0.176
0.172
0.137
0.106
0.07
0.036
0.049
-0.013
-0.095
-0.061
-0.116
-0.122
-0.118
-0.188
-0.132
-0.196
-0.165
-0.242
-0.25
-0.266
-0.268
-0.298
-0.265
-0.297
-0.283
-0.303
-0.339
-0.312
-0.262
-0.311
-0.312
-0.328
-0.262
-0.292
-0.189
-0.253
-0.258
-0.198
-0.238
-0.162
-0.146
-0.125
-0.106
-0.118
-0.033
-0.024
-0.008
0.036
0.072
0.089
0.097
0.14
0.21
0.246
0.274
0.312
0.377
0.391
0.435
0.436
0.512
0.534
0.565
0.565
0.649
0.661
0.708
0.722
0.794
0.811
0.833
0.843
0.875
0.892
0.93
0.952
0.993
0.992
1.014
1.038
1.076
1.07
1.066
1.086
1.106
1.126
1.089
1.084
1.127
1.124
1.093
1.08
1.084
1.095
1.081
1.039
1.011
1.019
1.045
0.983
0.927
0.893
0.892
0.846
0.826
0.78
0.765
0.706
0.679
0.617
0.599
0.53
0.48
0.491
0.41
0.383
0.328
0.325
0.246
0.227
0.178
0.101
0.031
-0.051
-0.072
-0.112
-0.128
-0.205
-0.254
-0.334
-0.403
-0.374
-0.37
-0.513
-0.578
-0.582
-0.599
-0.638
-0.727
-0.754
-0.742
-0.797
-0.809
-0.844
-0.911
-0.972
-1.004
-0.982
-0.977
-0.993
-0.998
-1.042
-1.057
-1.054
-0.989
-1.05
-1.044
-1.03
-1.044
-0.988
-1.058
-1.027
-0.995
-0.983
-0.982
-0.989
-0.979
-0.937
-0.919
-0.884
-0.839
-0.809
-0.825
-0.772
-0.708
-0.695
-0.678
-0.665
-0.598
-0.565
-0.532
-0.495
-0.445
-0.401
-0.361
-0.367
-0.302
-0.239
-0.229
-0.172
-0.135
-0.048
-0.029
-0.017
0.037
0.106
0.106
0.148
0.185
0.213
0.24
0.265
0.331
0.372
0.376
0.408
0.412
0.443
0.454
0.515
0.543
0.552
0.572
0.583
0.606
0.592
0.59
0.607
0.621
0.605
0.619
0.629
0.615
0.635
0.64
0.629
0.622
0.594
0.57
0.578
0.543
0.537
0.579
0.562
0.536
0.493
0.484
0.459
0.443
0.393
0.392
0.362
0.319
0.347
0.313
0.299
0.261
0.233
0.218
0.166
0.149
0.142
0.144
0.076
0.072
0.067
0.02
0.017
-0.011
-0.034
-0.032
-0.042
-0.068
-0.055
-0.102
-0.127
-0.11
-0.105
-0.133
-0.156
-0.174
-0.154
-0.158
-0.144
-0.166
-0.124
-0.125
-0.147
-0.119
-0.102
-0.137
-0.107
-0.066
-0.066
-0.032
-0.032
-0.001
0.024
0.025
0.032
0.098
0.117
0.094
0.138
0.16
0.254
0.272
0.289
0.35
0.337
0.402
0.424
0.434
0.501
0.497
0.532
0.567
0.596
0.628
0.697
0.67
0.723
0.784
0.828
0.864
0.843
0.878
0.928
0.958
0.962
0.977
0.975
1.038
1.014
1.063
1.066
1.087
1.132
1.11
1.118
1.156
1.119
1.134
1.138
1.142
1.149
1.156
1.118
1.131
1.117
1.118
1.094
1.053
1.043
1.013
1.021
0.946
0.924
0.908
0.898
0.876
0.858
0.77
0.76
0.742
0.693
0.654
0.606
0.57
0.523
0.488
0.442
0.36
0.329
0.312
0.219
0.197
0.124
0.082
0.067
0.011
-0.088
-0.105
-0.157
-0.196
-0.222
-0.302
-0.327
-0.362
-0.421
-0.473
-0.489
-0.568
-0.613
-0.636
-0.668
-0.706
-0.754
-0.798
-0.823
-0.834
-0.867
-0.91
-0.908
-0.935
-0.958
-0.963
-1.003
-1.024
-1.023
-1.021
-1.054
-1.047
-1.061
-1.076
-1.031
-1.025
-1.006
-1.029
-1.039
-0.998
-0.964
-0.987
-1
-0.958
-0.909
-0.909
-0.845
-0.852
-0.836
-0.801
-0.773
-0.73
-0.697
-0.706
-0.668
-0.62
-0.598
-0.538
-0.491
-0.47
-0.436
-0.378
-0.323
-0.289
-0.285
-0.252
-0.182
-0.133
-0.134
-0.095
-0.073
-0.018
0.04
0.071
0.122
0.146
0.16
0.21
0.24
0.255
0.287
0.316
0.352
0.379
0.398
0.423
0.449
0.489
0.496
0.514
0.534
0.513
0.532
0.54
0.542
0.561
0.571
0.559
0.565
0.566
0.596
0.596
0.573
0.577
0.577
0.546
0.556
0.51
0.514
0.501
0.529
0.502
0.473
0.48
0.461
0.414
0.397
0.39
0.375
0.365
0.33
0.318
0.288
0.277
0.287
0.285
0.255
0.202
0.16
0.135
0.146
0.125
0.091
0.087
0.078
0.066
0.04
0.032
0.034
0.013
0.009
-0.013
-0.008
-0.021
-0.032
-0.034
-0.055
-0.056
-0.054
-0.042
-0.065
-0.03
-0.014
-0.014
-0.012
-0.031
-0.007
0.003
-0.001
0.006
0.047
0.061
0.084
0.114
0.115
0.143
0.14
0.167
0.237
0.234
0.243
0.258
0.265
0.311
0.343
0.367
0.428
0.488
0.459
0.5
0.531
0.538
0.574
0.609
0.674
0.708
0.714
0.728
0.763
0.78
0.834
0.872
0.871
0.912
0.895
0.934
0.98
0.957
0.98
0.989
1.027
1.03
0.999
1.013
1.043
1.042
1.073
1.06
1.046
1.019
1.024
1.04
1.042
1.019
1.006
0.993
0.995
0.981
0.926
0.919
0.9
0.879
0.845
0.81
0.757
0.761
0.706
0.646
0.669
0.644
0.624
0.561
0.483
0.465
0.441
0.398
0.339
0.333
0.264
0.219
0.19
0.154
0.112
0.065
0.031
-0.042
-0.048
-0.135
-0.211
-0.255
-0.224
-0.258
-0.296
-0.399
-0.435
-0.481
-0.48
