0.272625
0.299888
0.329876
0.362864
0.399150
0.439065
0.482972
0.531269
0.584396
0.642836
0.707119
0.777831
0.855614
0.941176
1.035293
1.138822
1.252705
1.377975
1.515773
1.667350
1.834085
2.017493
2.219243
2.441167
2.685284
2.953812
3.249193
3.574113
3.931524
4.324676
4.757144
5.232858
5.756144
6.331758
6.964934
7.661428
8.427571
9.270328
10.197360
11.217096
12.338806
13.572687
14.929955
16.422951
18.065246
19.871771
21.858948
24.044842
26.449327
29.094259
32.003685
35.204054
38.724459
42.596905
46.856595
51.542255
56.696480
62.366129
68.602741
75.463016
